procs -----------memory---------- ---swap-- -----io---- -system-- -------cpu-------
 r  b   swpd   free   buff  cache   si   so    bi    bo   in   cs us sy id wa st gu
 2  0 6587060 27038400  17368 2338840  691  914 228141  1740 18509    8  4  1 92  4  0  0
 0  0 6586284 27021516  17368 2338988  488    0   504     4 2068 2292  0  0 99  0  0  0
 0  0 6585568 27020984  17368 2338992  480    0   480    28 3167 4316  0  1 98  0  0  0
 0  0 6584996 27022924  17376 2338996  344    0   344   916 2061 2498  0  0 99  0  0  0
 0  1 6584172 27022596  17376 2339000  408    0   408     0 1940 2477  0  0 99  0  0  0
 2  0 6572940 27026260  17376 2339608 6852    0  7460     0 3513 3725  1  0 98  1  0  0
 0  0 6572168 27024068  17376 2339696  468    0   552    36 2050 2601  0  0 99  0  0  0
 0  0 6571584 27019556  17376 2339696  420    0   420    20 2859 3929  1  0 99  0  0  0
 1  0 6571068 27024132  17384 2339696  296    0   296   176 1664 2649  0  0 99  0  0  0
 1  0 6570228 27033944  17384 2339696  612    0   612     0 2127 2584  0  0 99  0  0  0
 0  0 6569332 27030792  17400 2339712  592    0   612   100 3997 5815  1  0 99  0  0  0
 0  0 6568580 27016468  17400 2339712  352    0   352     4 1413 1988  0  0 99  0  0  0
 0  0 6567996 27021452  17400 2339708  344    0   344    32 3069 4038  1  0 99  0  0  0
 0  0 6567520 27018916  17424 2339716  236    0   236   352 2000 2555  1  0 99  0  0  0
 1  0 6566700 27027972  17424 2339716  400    0   400     0 1441 1813  0  0 99  0  0  0
 0  1 6566080 27009780  17424 2339716  248    0   264     0 1931 2595  1  0 99  0  0  0
 0  1 6565308 26207192  17428 2850260  448    0 502912    36 7070 9335  1  2 94  3  0  0
 1  0 6564716 25377912  17428 3632924  212    0 782744     8 9276 14069  1  1 94  4  0  0
 0  1 6563596 24612124  17476 4423764  636    0 791568   516 9069 13412  1  1 94  4  0  0
 1  1 6562204 23823200  17476 5225888  792    0 802916     0 9378 14469  1  1 94  4  0  0
 1  0 6561720 22671172  17476 5931004  116    0 705368     0 9071 13060  1  2 94  3  0  0
 1  0 6560892 21733104  17476 6357508  524    0 427012     0 6083 7863  1  3 94  2  0  0
 0  1 6560308 20295996  17476 7014272  280    0 657048     8 9057 12572  1  2 94  3  0  0
 0  1 6559836 18732960  17484 7702156  324    0 687824   144 8058 11497  1  2 94  3  0  0
 1  0 6559000 16684332  17484 9557640  244    0 375152     0 6257 8065  1  3 94  2  0  0
 1  0 6558360 10677476  17484 15555232  600    0   668     4 3968 4265  1  5 94  0  0  0
 2  0 6557640 5255476  17484 20954624  488    0   712    40 109953 3360  0  6 93  0  0  0
 3  0 6557048 2130404  17484 24335080  300    0   300     8 414234 6476  0  9 90  0  0  0
 1  0 6556048 2412612  17492 23777308  536    0   548   164 237470 8121  1  7 92  0  0  0
 7 14 6554620 1613904  17492 23520304  952    0 756328     4 12741 13355  2  4 80 14  0  0
 1 16 6554136 1525932  17492 23520708  244    0 2505872     0 208413 26999  3  4 29 64  0  0
 1 16 6553368 1506248  17492 23521216  468    0 1939728     4 358195 21615  3  6 25 66  0  0
 1 16 6552752 1503468  17492 23521212  428    0 1904304     8 173771 21000  2  4 28 66  0  0
 1 15 6552240 1493688  17500 23521220  192    0 3555936   588 42024 25186  3  2 32 64  0  0
 0  2 6551388 1411364  17500 23521452  612    0 3220812     8 38672 26485  4  2 37 57  0  0
 0  8 6550876 1285788  17500 23522528  204    0 1765480     0 27800 85536 12  2 61 25  0  0
 1 14 6550056 1286540  17500 23523476  444    0 2159180    40 31254 67300  7  2 57 34  0  0
 1  9 6549596 1278224  17500 23524580  276    0 1813036     8 27919 65987  7  2 67 24  0  0
 9  6 6549080 1282368  17508 23525432  188    0 1553696   212 25613 69938  7  1 73 19  0  0
 1 11 6547812 1275260  17532 23526264  940    0 1462888   388 24724 72591  7  2 74 18  0  0
 4  9 6547284 1262352  17532 23527944  388    0 1471624     0 25144 80959  8  1 74 17  0  0
 1  0 6546552 1270584  17532 23529100  456    0 1416416     0 23005 75641  7  1 76 16  0  0
 1  0 6545972 1270280  17532 23529604  276    0 1212064     8 20923 72964  8  1 80 12  0  0
 5  2 6544520 1270704  17532 23533504 1180    0 1400144    20 24510 80903  8  2 75 16  0  0
 0  6 6543588 1274896  17540 23535716  616    0 1356856   132 23460 84323  9  2 75 15  0  0
 0  3 6542708 1272908  17540 23537096  776    0 1225920     0 20973 86847  9  1 77 12  0  0
 3  1 6539800 1211944  17928 23589100 2908    0 1100364    40 23996 86964 10  2 77 11  0  0
 2  0 6538124 1200928  17932 23590552 1804    0 1275856    12 22847 83134  9  1 76 14  0  0
 4  3 6536924 1184640  17932 23591324  680    0 1032648    20 21199 75312  8  1 81 10  0  0
 3  0 6535308 1166312  17944 23593000 1020    0 1663776   240 27995 87906  9  2 67 22  0  0
11  3 6534700 1163060  17968 23596780  440    0 1792728   388 29752 88955 10  1 65 23  0  0
 1  0 6533944 1158288  17968 23597544  404    0 1424592     0 24724 90497 10  1 75 14  0  0
 1  0 6533356 1130052  17968 23598336  276    0 1163800     8 21322 80766  8  1 79 12  0  0
 0  5 6531956 1116936  18016 23599044 1380    0 1306624   304 22383 75686  8  1 76 15  0  0
 2  1 6530768 1115872  18984 23600668  596    0 1542808   156 26808 85330 10  1 70 19  0  0
 1  0 6528904 1109860  18988 23601972 1724    0 897760     8 18094 81953  9  1 81  9  0  0
 2  3 6528164 1117396  18988 23601984  456    0 968796    40 18391 78141  9  1 80 10  0  0
 0  0 6527584 1138472  18988 23602208  332    0 1363776     8 22979 85838 10  1 75 14  0  0
 1  0 6526604 1148460  19040 23602892  648    0 760772   240 18188 84268 10  1 83  6  0  0
 3 12 6525668 1155464  19040 23602968  620    0 1024828     0 19158 85713 10  1 78 11  0  0
 5  3 6525080 1151572  19040 23603292  308    0 844872     0 18163 85712 10  1 82  7  0  0
 0  3 6524280 1133176  19040 23603484  496    0 800128     8 15948 78579  9  1 83  7  0  0
 1  0 6523656 1127048  19040 23603596  268    0 924192     8 16724 72748  8  1 81  9  0  0
 5  0 6523164 1130688  19072 23603932  392    0 1155852   224 22572 89662 11  1 76 12  0  0
 1  0 6521696 1133016  19100 23603908 1128    0 1094640   164 20587 93198 11  1 77 11  0  0
 1  0 6510396 7694776  19100 2725348 6924    0 77908     0 48136 10372  2  6 92  1  0  0
