procs -----------memory---------- ---swap-- -----io---- -system-- -------cpu-------
 r  b   swpd   free   buff  cache   si   so    bi    bo   in   cs us sy id wa st gu
 2  0 6057016 26627580  22564 2190016  693  915 228636  1740 18535    8  4  1 92  4  0  0
 0  0 6057012 26630628  22564 2190132    4    0    20     0 2485 2747  0  0 99  0  0  0
 0  0 6057008 26634820  22564 2190132    8    0     8     4 1383 1922  0  0 99  0  0  0
 0  0 6057004 26635724  22564 2190140    4    0     8     8 3234 4344  0  0 99  0  0  0
 0  0 6057004 26630252  22612 2190124    0    0     0   680 1751 2230  0  0 99  0  0  0
 0  0 6057004 26631368  22620 2190120    0    0     0   456 1344 1564  0  0 99  0  0  0
 0  0 6056988 26631984  22620 2190120   16    0    16    52 2129 2325  0  0 99  0  0  0
 0  0 6056988 26637052  22620 2190204    0    0    80     0 1937 2535  0  1 99  0  0  0
 0  0 6056980 26640720  22620 2190204   12    0    12     8 2612 3566  0  1 99  0  0  0
 0  0 6056960 26640828  22644 2190176   12    0    12   212 1953 2522  0  0 99  0  0  0
 0  0 6056940 26635932  22648 2190316    4    0   148     4 3579 5179  1  1 99  0  0  0
 1  0 6056940 26636636  22648 2190312    0    0     0     4 1483 1732  0  0 99  0  0  0
 0  0 6056932 26636212  22648 2190316    0    0     0   180 1914 2230  0  0 99  0  0  0
 0  0 6056856 26637692  22648 2190360   76    0   120     8 3315 4443  1  0 99  0  0  0
 0  0 6056856 26638084  22680 2190348    0    0     0   200 1567 1911  0  0 99  0  0  0
 2  1 6056852 26623616  22704 2190352    4    0    40   124 2061 2575  0  1 99  0  0  0
 0  1 6056804 25855684  22704 2688552   52    0 490020    44 7092 9407  1  3 94  2  0  0
 0  1 6056796 25046960  22704 3473840    4    0 785296     0 8361 12320  1  1 95  4  0  0
 0  1 6056776 24274928  22704 4272160   16    0 798328    12 9916 14665  1  1 94  4  0  0
 0  1 6056760 23472668  22704 5072248   16    0 800104     8 8904 13229  1  1 94  4  0  0
 0  1 6056624 22340332  22712 5777108  108    0 705228   208 9383 13182  1  2 94  3  0  0
 1  1 6056612 21354476  22712 6268708    4    0 491336     4 6552 8686  1  3 94  2  0  0
 1  0 6056032 19840304  22712 6961304  660    0 693256     0 7948 10995  1  2 94  3  0  0
 1  0 6055984 18847364  22712 7831656   24    0 870368     8 10735 15724  0  1 95  4  0  0
 2  0 6055540 16775320  22712 8260972  408    0 429720     0 6055 7762  1  3 94  2  0  0
 1  0 6055524 11812780  22720 13851024   20    0    20   116 2533 2396  0  5 94  0  0  0
 1  0 6055520 5895924  22720 19745704    0    0     0    52 2408 1975  0  5 95  0  0  0
 1  0 6055516 421916  22720 25224376    4    0     4     0 39333 2299  0  6 94  0  0  0
 2  0 6055488 1768616  22740 24143772   20    0   196   172 559732 4553  0 10 89  0  0  0
 1  0 6055476 2901556  22776 22835128   20    0    32   428 525251 2267  0 10 90  0  0  0
 1  0 6055412 620408  22776 24783172   48    0    48     0 237972 5448  1  6 92  0  0  0
 1 15 6055400 456668  22776 24151876   16    0 2196648     0 27780 21997  2  2 53 42  0  0
 0 16 6055364 437512  22800 24151896   16    0 1972152   140 24584 19087  2  1 30 67  0  0
 1 16 6055128 440932  22800 24151920  112    0 1945156    12 24619 19061  2  1 29 68  0  0
 2 14 6055120 442220  22800 24151924    4    0 2725028     0 32707 21095  2  1 32 64  0  0
 1 16 6055120 434096  22800 24151924    0    0 3681976     0 41114 23835  3  2 32 64  0  0
 1  5 6055108 476652  22800 23899048    4    0 2230584    60 29283 55212 10  2 53 36  0  0
 1  0 6055100 467176  22808 23900312    8    0 2054080   576 29192 76499  9  1 61 29  0  0
 1  2 6055084 464940  22808 23901200   12    0 2115260     8 29218 64487  7  1 60 31  0  0
 1  5 6055064 457776  22808 23902080   20    0 1714320     0 25970 68102  7  1 70 22  0  0
 1  0 6055024 466920  22808 23903292   24    0 1374800   244 23631 71115  7  1 78 13  0  0
 2  3 6055024 464488  22808 23904416    0    0 1691508    20 25184 80073  8  1 72 19  0  0
 5  0 6054968 455888  22816 23905760   40    0 1479828   124 23401 77888  7  1 77 14  0  0
 1  0 6054816 451004  22816 23906668  132    0 1244320     8 21698 76826  8  1 80 11  0  0
 1  6 6054704 451268  22816 23907996   88    0 1471316     0 23867 79401  8  1 76 15  0  0
 2  0 6054012 449744  22816 23909252  408    0 1460044     0 23791 86895  9  1 75 15  0  0
 1  0 6053836 446784  22816 23910208  116    0 1277948   104 21175 88157  9  1 78 12  0  0
 1  6 6053692 444932  22824 23910712  156    0 972000   148 16866 77810  8  1 82  9  0  0
 2  5 6053560 442572  22824 23911804  164    0 1345188    24 21622 82853  9  1 75 15  0  0
 1  0 6053444 451896  22824 23913024  104    0 1027444     0 18996 72677  8  1 82  9  0  0
 3 13 6053224 455592  22824 23913896  168    0 1607872     0 24810 83982  9  1 70 19  0  0
 1 18 6053036 450480  22824 23915108  160    0 1855372     8 27542 87948  9  1 67 23  0  0
 0  5 6052692 447368  22832 23916148  308    0 1466124   124 22896 86943  9  1 75 15  0  0
 1  1 6052316 443964  22832 23916920  464    0 1198540     8 20135 81211  8  1 80 10  0  0
 5  4 6052216 566092  22832 23790584   96    0 1406444     4 22822 75858  8  1 75 16  0  0
 5  0 6052076 562656  22832 23790812  112    0 1466580     0 23225 83202  9  1 74 16  0  0
 1  0 6051960 557328  22832 23790824   68    0 886508    68 16252 76377  8  1 82  8  0  0
 1  0 6051828 552980  22840 23790840   52    0 1019448   128 17781 77602  8  1 81 10  0  0
 1  3 6051728 549468  22840 23791196  104    0 1389320     8 22399 86614 10  1 74 14  0  0
 1  0 6051100 542212  22840 23791252  504    0 757224     0 16190 82860  9  1 85  6  0  0
 1  0 6050960 526940  22840 23791648  128    0 1037268     4 20337 86193 11  1 78 11  0  0
 0  2 6050820 522728  22840 23791752  136    0 774676     0 16050 80151  9  1 83  7  0  0
 5  3 6050616 507772  22848 23791940  196    0 821060   128 15407 77528  8  1 83  8  0  0
 1  0 6050392 520424  22848 23791952  208    0 937196    20 16955 72633  8  1 81 10  0  0
 0  0 6050352 513080  22848 23792268   36    0 1170600     0 20423 88123 10  1 77 12  0  0
 1  0 6050152 3386552  22856 23790852   88    0 1070032   136 18339 84570 10  1 78 10  0  0
 2  0 6050092 12154776  22856 2916808   40    0    40    56 4180 3387  0  5 94  0  0  0
