procs -----------memory---------- ---swap-- -----io---- -system-- -------cpu-------
 r  b   swpd   free   buff  cache   si   so    bi    bo   in   cs us sy id wa st gu
11  0 7209656 291824  17784 29603404  690  914 227643  1740 18374    8  4  1 92  4  0  0
 0  0 7208416 414120  17784 29477796  856    0   956     0 3651 5330  1  1 98  1  0  0
 1  0 7204700 413052  17792 29478680 3568    0  4452   192 7874 9114  1  1 98  1  0  0
 0  0 7202684 354700  17792 29480084 1772    0  3168   356 4192 6305  1  1 97  1  0  0
 1  0 7200288 344564  17792 29480324 1952    0  2188    12 4101 5985  1  0 97  1  0  0
 0  0 7197344 325540  17792 29480468 2756    0  2892     8 4035 5990  1  0 97  1  0  0
 0  1 7192712 300540  17944 29481180 4060    0  4912     0 4234 5954  1  1 97  1  0  0
 0  0 7190900 274552  17952 29481292 1476    0  1592   180 3165 4150  1  1 98  1  0  0
 1  0 7188736 401676  17952 29348616 1628    4  1748     4 2677 3821  1  0 98  1  0  0
 0  1 7173000 422692  17952 29348708 13796    0 13856    44 7835 10495  1  1 96  2  0  0
 0  0 7170540 404220  18848 29352248 1756    0  6008   456 6172 8617  1  1 97  1  0  0
 0  0 7168588 407320  18848 29352376 1156    0  1284     0 2455 3877  1  0 98  1  0  0
 1  1 7165012 397268  18848 29352812 3120    0  3556   416 5179 7632  1  0 98  1  0  0
 0  0 7161232 402252  18848 29352980 3504    0  3672     4 3688 5468  1  0 98  1  0  0
 0  0 7159804 401224  18848 29354264  988    0  2268     8 3155 4350  1  1 98  1  0  0
 0  1 7158372 424580  18860 29354348 1132    0  1224   152 4348 7326  1  1 98  1  0  0
 0  1 7158052 775828  19688 28907780 1428 1016 235848  1016 16125 16891  1  2 93  3  0  0
 0  1 7155968 723748  19700 28919444 1824   32 776048    32 12740 15098  1  2 93  4  0  0
 1  0 7154688 1183480  19700 28430400  844    0 782240    12 11576 16007  1  1 94  4  0  0
 0  1 7153172 1982552  19704 27707968 1040    0 800440   236 10128 14850  1  1 94  4  0  0
 1  0 7152272 2851776  19704 26467224  728    0 664844     0 9748 13730  1  2 94  3  0  0
 2  1 7150040 3801540  19856 25779604 1864   36 707900   284 10267 14481  1  2 94  3  0  0
 0  1 7147176 6113328  19856 22715168 3000  500 630180   500 12685 16458  1  3 93  3  0  0
 1  0 7146220 6642384  19856 21321500  880    0 645496    16 8972 11551  1  2 94  3  0  0
 0  1 7144552 5821524  10924 21239680 1228    0 669644     8 9283 13598  1  2 94  3  0  0
 1  0 7142884 4921160  10924 21275288 1216    0 673328     0 13584 16771  1  2 93  3  0  0
 2  0 7142324 1308648  10932 25705136  376    0   396   128 83055 6522  1  9 89  1  0  0
 1  0 7104288 1264404  10800 25721756 41624  632 45420   680 39436 24831  1  7 89  3  0  0
 1  1 7185060 1971072   5240 25125968 1196 65556  1204 66804 180497 8377  1  7 91  1  0  0
 1  0 7185992 3149312   5224 23715808  796 1616  1196  1660 14873 6522  1  6 93  0  0  0
 2  0 7212636 2856384   6288 23992840 2344 27532 12140 28876 79023 12638  1  6 92  1  0  0
 2 14 7219076 2362148   6436 23380028 4892 11556 1198060 11812 40272 18754  3  3 71 23  0  0
 2 16 7216896 2322132   6512 23382952 1824    0 2275508     0 255898 27922  4  4 27 65  0  0
 1 16 7196564 2304344   6888 23394612 19732    0 2192588     0 450965 35967  5  6 19 70  0  0
 3  0 7194968 2286112   6888 23395168 1028    0 2384692     8 397320 22704  3  6 24 66  0  0
 2 16 7194188 2275164   6892 23395588  636    0 3371688     0 424729 27242  4  7 25 64  0  0
 6  0 7192848 2151984   6908 23403196 1072    0 2628340   152 327553 28664  6  4 39 50  0  0
 3  8 7190336 2038008   6908 23404356 1872    0 1617592     0 1368134 77730 13  7 53 26  0  0
 1  9 7189680 2021004   6908 23406984  344    0 2026344     0 952078 66702  8  7 50 34  0  0
 2  8 7186824 1960032   6908 23408128 2260    0 1825680    44 864160 63404  8  6 57 29  0  0
 0  2 7185448 1967660   6908 23409228 1104    0 1586968     0 615962 71017  7  6 65 22  0  0
 0 12 7183076 1958864   6916 23410444 2136    0 1399776   164 23171 68983  7  1 74 17  0  0
 2  0 7180612 1992200   6916 23411960 1712    0 1481544     0 26301 81350  8  2 72 18  0  0
 0 15 7179104 1986204   6916 23413900 1328    0 1446768     0 25441 77181  8  1 74 17  0  0
 0  2 7177768 1994652   6916 23414492  972    0 1137568     8 20126 73516  7  1 80 11  0  0
 1 12 7170216 1982100   6916 23421148 7444    0 1408208     0 26597 80793  8  2 73 18  0  0
 0  0 7169144 1982096   6924 23422512  776    0 1387548   116 22947 82662  8  1 74 17  0  0
 5  3 7155188 1959596   7748 23431108 13692    0 1295900   336 509190 92789  9  4 71 17  0  0
 1  4 7148040 1956936   7748 23436988 6816    0 865716     8 781329 80083  9  5 77  8  0  0
 2 13 7146364 1951948   7748 23438892 1332    0 1227948    48 1172102 84738 10  7 69 14  0  0
 2  0 7144208 1946132   7888 23440408 2072    0 1095244     0 584163 71269  8  4 75 13  0  0
 2 11 7134636 1936476   8044 23447400 8984    0 1266172   244 750971 79935  9  5 69 17  0  0
 1 13 7132128 1939544   8320 23449428 1896    0 1745000     0 1160380 87173 11  7 55 27  0  0
 2  0 7131432 1935060   8320 23450900  604    0 1467336     4 1140565 80513 10  7 63 20  0  0
 4  8 7129964 1923004   8460 23451864 1232    0 1312688   164 64522 84567  9  1 76 14  0  0
 2  9 7128348 1890768   8464 23452452 1368    0 1206372     0 977114 75435  9  6 70 15  0  0
 2  0 7126828 1895400   8472 23453020 1304    0 1497012   300 574317 75110  9  4 67 20  0  0
 1  1 7124852 1893284   8472 23453184 1924    0 1069000     0 1128663 77839 10  6 72 12  0  0
 6  0 7111680 1878392   8472 23463804 9140    0 882572     4 1132511 79764 10  6 73 10  0  0
 5 10 7109376 1890808   8472 23463828 1904    0 1008628    48 849217 72152  9  5 73 13  0  0
 1  2 7108592 1892016   8476 23464220  448    0 1255956     0 361952 86889 10  3 73 14  0  0
 2  0 7107712 1877328   8488 23464228  676    0 696132   272 1151004 77508 10  6 77  6  0  0
 2  3 7106120 1881032   8488 23464544  952    0 922192   776 1224441 78070 11  6 69 13  0  0
 5  0 7103992 1876868   8488 23465088 1912    0 818448     0 1143281 81787 10  6 75  9  0  0
 2  0 7102736 1863068   8492 23465276  852    0 800640    16 165470 78375  9  2 82  8  0  0
 3  0 7102204 1874940   8492 23465288  400    0 860488     0 1095101 68606  9  6 74 10  0  0
 2  5 7101388 1874820   8524 23465620  460    0 1085868   252 1262010 82045 12  6 69 13  0  0
 3  2 7100264 1862668   8524 23465844  768    0 922612     4 1331568 83098 12  6 71 11  0  0
 2  0 7099656 8140196   8524 21202064  268    0 460616     0 161420 32584  4  5 85  6  0  0
 2  0 7098508 8137384   8524 21202064  732    0   732    48 4942 3379  1 11 88  0  0  0
 1  0 7093796 18825040   8552 2657176 3128    0  3248   368 6255 4261  0  7 92  0  0  0
