procs -----------memory---------- ---swap-- -----io---- -system-- -------cpu-------
 r  b   swpd   free   buff  cache   si   so    bi    bo   in   cs us sy id wa st gu
 2  0 6065648 25539380  23176 3309456  693  915 228531  1740 18536    8  4  1 92  4  0  0
 0  0 6065576 25538652  23188 3309920   32    0    36   508 2218 2991  1  0 99  0  0  0
 0  0 6065524 25529456  23188 3309984   48    0   116     0 3229 4963  1  0 99  0  0  0
 0  0 6065512 25534784  23188 3310052   12    0    72     0 1589 1862  0  0 99  0  0  0
 0  0 6065360 25544412  23188 3310052   56    0    56     0 3430 4592  1  0 99  0  0  0
 0  0 6064512 25541128  23188 3311604  888    0  2444    32 2333 3073  1  0 99  0  0  0
 1  0 6063952 25523040  23188 3312484  632    0  1708     0 1694 2294  0  0 99  0  0  0
 0  0 6063624 25524436  23196 3313664  432    0  1416   124 2140 2815  0  0 99  0  0  0
 0  0 6063568 25528440  23196 3313668   44    0    44     0 1575 2123  0  0 99  0  0  0
 0  0 6063536 25529420  23196 3313676   28    0    28    36 2425 3435  1  0 99  0  0  0
 1  0 6063404 25536300  23196 3313680  116    0   128     8 2091 2700  1  0 99  0  0  0
 0  0 6063252 25530760  23196 3313692   88    0    88     0 1870 2502  0  0 99  0  0  0
 0  0 6062916 25543720  23204 3313880  212    0   404   140 3650 5280  1  0 99  0  0  0
 0  0 6062908 25548352  23204 3314012    8    0   140     0 1872 2345  1  0 99  0  0  0
 0  0 6062564 25534880  23204 3314016  344    0   344     4 3125 4332  1  0 99  0  0  0
 1  0 6062472 25535292  23204 3314016   92    0   108    12 1707 2048  0  0 99  0  0  0
 1  0 6062444 24751300  23892 3812708    4    0 491176     8 6836 9157  1  2 94  3  0  0
 0  1 6062436 23917188  23900 4609424    0    0 796584   140 8698 12727  1  1 94  4  0  0
 0  1 6062420 23141440  23900 5407452   16    0 798044     0 8588 12605  1  1 94  4  0  0
 3  0 6062336 22094336  23900 6005960   56    0 598744    36 8373 11886  1  2 94  3  0  0
 1  0 6062136 20745276  23928 6147612  196    0 141832   204 3786 4061  2  4 94  1  0  0
 1  0 6062128 19405308  23928 6891240    4    0 743628    28 8121 11656  1  2 94  3  0  0
 1  0 6061936 18185536  23928 7686376  148    0 795284   372 10394 14615  1  2 94  4  0  0
 1  0 6061816 14217344  23928 11435312  140    0 75204   428 3114 3564  1  4 94  0  0  0
 1  0 6061740 8274044  23928 17380508   76    0   160     4 4181 5059  0  5 94  0  0  0
 1  0 6061724 2360660  23936 23279656   12    0    12   164 2582 2404  0  5 95  0  0  0
 1  0 6061724 768028  23936 24955312    0    0    20    28 2603 3788  0  5 94  0  0  0
 1  4 6061724 655892  22080 24325608    0    0 53908   116 30921 29471  1  4 89  6  0  0
 1  4 6061608 495272  22080 24359912  132    0 288356     8 79362 147295  1  2 75 23  0  0
 1  0 6061592 310296  22076 23868212   16    0 180440    40 51086 94106  2  2 82 14  0  0
 1  0 6061560 344368  22076 23457496   28    0 1587628    16 15734 5833  5  1 92  2  0  0
 1  0 6061540 340968  22076 23328732   16    0 1587616     4 16141 5990  6  1 91  3  0  0
 3  1 6061476 355960  22084 23171420   40    0 540464   232 8627 6550  4  1 93  1  0  0
 1  2 6061476 354768  22084 23171424    0    0 1229624     4 13065 4884  6  0 92  2  0  0
 1  0 6061452 338268  22084 23171424   16    0 1174792     0 13678 6911  6  1 91  2  0  0
 1  0 6061452 303828  22084 23171444    0    0 934636     8 10588 4799  5  1 93  1  0  0
 1  0 6061452 311164  22084 23171460    0    0 1408240     8 14186 5221  6  0 91  2  0  0
 1  0 6061380 329220  22084 23171460   76    0 653040     0 8246 4452  5  1 93  1  0  0
 1  0 6061220 312704  22096 23173084  112    0 1410100   124 15112 6698  6  1 91  2  0  0
 3  0 6061152 324428  22096 23173084   88    0 1459664    36 15289 7254  6  0 91  2  0  0
 2  0 6061120 316368  22096 23173096   28    0 652992     8 8833 5015  5  1 93  1  0  0
 1  2 6061056 320912  22096 23173100   76    0 1459584     8 14961 5996  6  0 92  2  0  0
 1  0 6061044 350244  22096 23173104    8    0 934588     0 12118 6763  6  1 92  2  0  0
 1  0 6061028 323900  22104 23173164    4    0 934644   124 10505 4632  5  1 91  3  0  0
 1  0 6060264 335408  22104 23173432  848    0 1691060     0 17462 7165  6  0 91  3  0  0
 1  0 6060236 332280  22104 23173440   12    0 934652     8 12124 6708  5  1 91  2  0  0
 1  0 6060124 337380  22160 23174040  124    0 1639916   152 17489 7618  6  1 91  2  0  0
 2  1 6060048 347532  22160 23174376    8    0 1407220     4 14569 6077  6  0 91  2  0  0
 1  2 6059956 334224  22160 23174400   24    0 164956     0 3722 2493  4  1 94  0  0  0
 2  0 6059748 324884  22176 23174500  168    0 1987156   188 19964 7590  7  1 90  3  0  0
 2  0 6059744 339960  22176 23174500    8    0 2048472     8 21022 8611  6  1 90  3  0  0
 8  0 6059728 323804  22200 23174664   16    0 1165108   388 12387 5284  5  1 92  1  0  0
 2  1 6059680 331064  22200 23174664   48    0 2048560     0 21453 9710  6  1 90  3  0  0
 1  0 6059672 323752  22200 23174672    8    0 1139304     4 12666 5752  6  1 92  1  0  0
 1  0 6059636 319868  22200 23174672   20    0 857840     0 9624 4333  5  1 92  2  0  0
 1  0 6059392 337964  22200 23174728  116    0 2151120   432 22385 10839  7  1 90  3  0  0
 1  0 6059388 345616  22208 23174732    4    0 934640   312 10443 4609  5  1 93  1  0  0
 1  0 6059388 321844  22208 23174732    0    0 1613136    28 15903 5886  6  1 92  2  0  0
 2  1 6059368 330616  22208 23174728    4    0 1665448     0 16796 6162  6  0 92  2  0  0
 1  2 6059360 340232  22208 23174732    4    0 550796    40 7137 3853  5  1 93  1  0  0
 1  0 6059324 345312  22208 23174736   20    0 1880564     8 19889 8500  6  1 91  3  0  0
 2  0 6059288 351844  22208 23174928   12    0 2074056     0 20295 7387  6  1 90  3  0  0
 1  0 6059124 325520  22220 23176308  204    0 936224   176 12070 7755  5  1 92  1  0  0
 5  0 6059088 315456  22220 23176472   40    0 302540    16 6935 8506  7  3 85  5  0  0
 1  2 6057940 325848  22504 23048964 1452    0 2166856   144 29355 44132  8  3 50 39  0  0
 5 16 6057924 335248  22504 23049032   28    0 2764940    20 36454 55925  7  2 36 55  0  0
 1 12 6057916 334632  22508 23049308   12    0 2382044     0 33226 68969  8  1 53 38  0  0
 2  9 6057916 334464  22508 23050328    0    0 1920520    20 28259 73685  8  2 64 26  0  0
 0 22 6057896 337252  22508 23051184   24    0 1879844     0 26662 77759  9  2 64 26  0  0
 1  0 6057876 337972  22516 23052712   20    0 1453292   236 22749 74251  8  1 73 18  0  0
 1  3 6057832 330856  22516 23053720   36    0 1891248     8 28684 79820 10  1 62 27  0  0
 1  0 6057712 314496  22516 23055180   92    0 1356632     0 22344 78152  8  1 74 16  0  0
 1  2 6057660 316364  22544 23056648   24    0 1225420   168 21713 76105  9  1 76 14  0  0
 0  4 6057192 316924  22544 23058256  572    0 1223680     0 21048 82485  9  1 77 13  0  0
 1  3 6057184 309252  22544 23059296    4    0 1118304     0 18905 71112  8  1 77 13  0  0
 5  0 6057152 301172  22544 23060948   44    0 1034788     8 18883 67348  8  1 79 12  0  0
 5  0 6057152 298632  22544 23061668    0    0 1107396     0 18715 68031  8  1 77 14  0  0
 3  6 6057144 301096  22552 23063216    4    0 1110144   136 19806 77355  9  1 78 12  0  0
 7 11 6057128 308984  22552 23064520   32    0 1201624     4 19790 82960 10  1 75 14  0  0
 3  5 6057092 308016  22552 23065164   32    0 1500988    44 23731 88623 10  1 72 16  0  0
 1  0 6057092 7749760  22552 20726912    0    0 698960    12 14874 45618  5  3 83  9  0  0
 1  0 6057084 24864416  22552 2189576   20    0   216     0 2604 3215  0  5 95  0  0  0
