procs -----------memory---------- ---swap-- -----io---- -system-- -------cpu-------
 r  b   swpd   free   buff  cache   si   so    bi    bo   in   cs us sy id wa st gu
 2  0 6687296 26662548  10360 2817128  691  914 228037  1740 18490    8  4  1 92  4  0  0
 0  0 6686724 26652644  10360 2817312  316    0   388   360 3307 4012  1  0 99  0  0  0
 0  0 6685876 26664228  10360 2817312  436    0   436     8 1840 2382  1  0 99  0  0  0
 0  0 6685380 26663304  10360 2817400  296    0   380     0 1513 1939  0  0 99  0  0  0
 0  0 6684620 26646932  10368 2817400  404    0   404   156 1778 2259  0  0 99  0  0  0
 0  0 6683964 26632312  10368 2817396  388    0   388     0 3649 5251  1  0 99  0  0  0
 0  0 6683148 26634148  10368 2817400  604    0   604    24 2720 3924  0  0 99  0  0  0
 0  0 6682336 26632040  10368 2817400  376    0   376     8 1953 2597  1  0 99  0  0  0
 0  0 6681852 26618384  10368 2817400  220    0   220     0 1719 2354  0  0 99  0  0  0
 0  0 6680600 26623356  10368 2817504  532    0   636     0 1692 1976  0  0 99  0  0  0
 0  1 6680076 26631428  10376 2817504  368    0   368   108 1938 2641  1  0 99  0  0  0
 0  0 6679616 26632012  10376 2817504  240    0   240    28 2662 3835  1  0 99  0  0  0
 0  0 6678796 26633212  10376 2817500  612    0   612     8 1685 2066  0  0 99  0  0  0
 0  0 6677892 26637608  10376 2817504  628    0   628     0 1916 2616  0  0 99  0  0  0
 0  0 6675916 26647772  10376 2817832  880    0  1208     0 2002 2976  1  0 99  0  0  0
 0  1 6674860 26637960  10384 2817900  968    0  1032   128 3816 5105  0  0 99  0  0  0
 1  1 6674296 25851132  10384 3318408  424    0 492860     0 8086 11430  1  2 94  3  0  0
 0  1 6673396 25028704  10384 4103972  516    0 785960     8 9505 13245  1  1 94  4  0  0
 0  1 6672844 24223120  10384 4894452  140    0 790620     0 8377 12245  1  1 95  4  0  0
 0  1 6672048 23450824  10384 5682300  180    0 788024     0 8692 12835  1  1 94  4  0  0
 0  1 6671328 22304864  10392 6392572  376    0 710648   160 8118 10977  1  2 94  3  0  0
 1  0 6670400 21352036  10392 6873660  528    0 481612    48 6375 8263  1  3 94  2  0  0
 1  0 6669484 19837016  10392 7534384  416    0 661268   396 8914 12668  1  2 94  3  0  0
 1  0 6668272 17611672  10516 8739200 1060    0 44336     0 3082 3391  1  4 94  0  0  0
 1  0 6666996 11662568  10516 14686184  768    0   768   140 2341 1887  0  5 94  0  0  0
 2  0 6666284 6045004  10524 20364120  416    0   472   172 4558 5412  0  5 94  0  0  0
 3  0 6665796 2425320  10524 24148260  268    0   268    36 3247 5325  0  6 94  0  0  0
 3  0 6664996 2507232  10524 23785036  576    0   576    20 34413 5482  1  5 94  0  0  0
 3  0 6664288 2502844  10548 23784920  500    0   540   208 608032 2886  0 10 89  0  0  0
 2  4 6663484 1944744  10548 23591640  416    0 122472     0 132054 63503  1  4 84 12  0  0
 1  5 6662800 1491484  10548 23878904  488    0 288104     0 351361 145661  1  7 70 22  0  0
 1  1 6647656 622280  13800 23994080 11836    0 124172 13520 202717 71559  3  6 79 13  0  0
 3  1 6645812 649172  17088 23614372 1656    0 1589472 13776 222535 15732  5  2 85  8  0  0
 2  0 6640676 606392  17152 23614448 3744    0 1591424   360 843172 7302  6  6 84  4  0  0
 3  1 6638584 614452  17184 23488380 1532    0 198828   200 352737 3674  4  4 91  1  0  0
 2  0 6637360 604636  17192 23488400  844    0 1443004    72 829050 9061  6  6 86  2  0  0
 1  0 6636864 594968  17192 23488400  280    0 1306160     0 652078 4722  6  4 86  3  0  0
 1  1 6629440 585136  17192 23489084 5232    0 940384    12 12975 7661  5  2 92  1  0  0
 1  0 6626396 564812  17192 23489048 1696    0 1409936     0 14625 5991  6  1 92  2  0  0
 1  0 6625644 566888  17192 23489056  360    0 653336     0 7759 3453  5  1 93  1  0  0
 1  0 6625032 567536  17192 23489060  508    0 1408868     0 14545 6858  6  1 91  2  0  0
 2  1 6624528 578900  17200 23489060  284    0 1327728   236 13444 5281  6  0 92  2  0  0
 2  1 6623644 564496  17200 23489060  552    0 296564     8 5988 4605  4  1 94  1  0  0
 1  2 6623140 566128  17216 23489080  196    0 1277388   348 13345 5393  6  0 92  2  0  0
 1  0 6621100 570244  17216 23489080 1096    0 1607076     0 16899 6763  6  1 91  2  0  0
 1  0 6620468 580700  17216 23489296  296    0 935088     0 12041 6602  5  1 92  1  0  0
 1  0 6619972 588752  17216 23489300  304    0 1690252     0 17102 6631  6  1 91  3  0  0
 1  0 6618068 590580  17216 23489300 1636    0 936272    24 12311 8164  6  1 86  7  0  0
 1  2 6617628 578792  17224 23489296  236    0 1352000   140 13465 5390  5  1 92  2  0  0
 1  2 6616828 571416  17224 23489300  320    0 1075424     0 11846 4860  6  0 92  2  0  0
 1  0 6616272 577940  17224 23489300  400    0 620588     0 8328 4285  5  1 93  1  0  0
 1  0 6615780 578720  17224 23489296  212    0 2150980    32 20471 7064  6  1 90  3  0  0
 1  0 6614920 594476  17224 23489300  324    0 2048788    16 20975 9134  6  1 90  3  0  0
 1  2 6614452 560796  17224 23489372  288    0 852028     4 9864 4431  5  2 93  1  0  0
 2  1 6612212 572456  17232 23489372 1288    0 1683376   136 16852 6134  6  0 91  3  0  0
 1  0 6611464 571208  17232 23489368  396    0 1819540     0 20226 9631  6  1 91  2  0  0
 1  0 6610960 567192  17232 23489368  120    0 857940   732 10210 4625  5  1 93  1  0  0
 1  0 6610120 577536  17232 23489388  480    0 2151424    44 21656 8551  6  1 88  5  0  0
 1  0 6609304 584108  17276 23489408  448    0 935104   244 11006 5179  5  1 92  2  0  0
 2  1 6608548 577268  17276 23489408  356    0 1134968     0 11742 4799  5  1 92  2  0  0
 2  1 6607744 582404  17276 23489408  216    0 1497192     0 14859 5507  6  1 92  2  0  0
 2  0 6607256 573908  17276 23489412  272    0 1132504    32 12684 5190  5  2 92  1  0  0
 1  0 6606444 583448  17284 23489440  552    0 1946664   272 20419 8774  6  1 91  2  0  0
 2  0 6605940 597372  17292 23489436  260    0 2074128   240 803288 7092  7  5 85  3  0  0
 2  0 6605052 573852  17292 23491904  652    0  3108     4 675537 3307  4  7 89  0  0  0
 1 19 6604424 679424  17292 23365420  316    0 1429804     0 205819 15960  5  3 80 12  0  0
 4 17 6603924 584028  17292 23365972  288    0 2365136     0 848261 50650  7  7 39 46  0  0
 1 13 6603080 581060  17292 23366180  528    0 2628300    32 514381 52319  7  5 31 57  0  0
 4  9 6602612 578528  17300 23366344  244    0 2113396   132 792951 65447  8  6 48 38  0  0
 5 16 6601932 582012  17300 23367128  360    0 1738032     0 493927 68648  8  4 62 26  0  0
 4  9 6601392 578100  17300 23368216  396    0 1798316     0 27204 76137  8  2 61 29  0  0
 6 14 6600908 739968  17324 23203820  356    0 1393768   332 294814 68604  8  3 69 21  0  0
 3  2 6600060 730600  17324 23204592  536    0 1804724   140 1089965 77129 11  7 54 29  0  0
 2  0 6599156 729096  17324 23205832  640    0 1369200     0 1100609 76599 10  7 64 19  0  0
 1  6 6597068 723064  17328 23207576 1292    0 1157280     0 49991 72925  8  1 77 14  0  0
 0  6 6596452 727420  17328 23208704  348    0 1309292     0 22835 82809  9  2 75 15  0  0
 1 11 6595632 726888  17336 23210308  628    0 1283196   176 21672 78521  9  1 74 16  0  0
 1  0 6594696 723056  17336 23211748  468    0 875304    24 17513 64547  8  1 81 10  0  0
 0 11 6594120 709912  17336 23212868  472    0 1091928     0 18252 65881  8  1 78 13  0  0
 1  9 6593364 700228  17336 23214080  408    0 1097984     0 19183 74749  9  1 77 13  0  0
 0  3 6592404 689700  17344 23215504  752    0 1235556   132 21607 82519  9  1 76 14  0  0
 7  0 6591904 699648  17344 23216628  268    0 1342020    44 22273 85738 11  1 72 16  0  0
 1  1 6590484 2645284  17344 23215560 1124    0 1246940     8 22116 79735  9  1 74 16  0  0
 1  0 6589148 5678752  17368 22170340 1016    0  1812   212 3893 3909  1  6 93  0  0  0
 1  0 6587920 14129620  17368 2339012  848    0   848     4 3333 2856  0  5 94  0  0  0
