procs -----------memory---------- ---swap-- -----io---- -system-- -------cpu-------
 r  b   swpd   free   buff  cache   si   so    bi    bo   in   cs us sy id wa st gu
 3  0 6020480 25973856  24696 2833636  692  914 229027  1739 18542    8  4  1 92  4  0  0
 0  0 6020376 25970788  24720 2833728  108    0   124   212 2220 2996  1  0 99  0  0  0
 0  0 6020376 25968680  24720 2833760    0    0     8     0 1366 1769  0  0 99  0  0  0
 0  0 6020364 25960960  24720 2833760    8    0     8     0 1993 3007  1  0 99  0  0  0
 0  0 6020360 25957436  24720 2833764    4    0     4    80 2848 4352  0  0 99  0  0  0
 0  0 6020360 25952412  24720 2833760    0    0     0   316 1467 2281  1  0 99  0  0  0
 0  0 6020344 25957012  24792 2833636   24    0    24   772 2303 3213  1  0 99  0  0  0
 0  0 6020344 25949880  24792 2833708    0    0     0     0 1838 2531  0  0 99  0  0  0
 0  0 6020320 25957040  24792 2833792   12    0    96     0 3761 5798  1  0 99  0  0  0
 1  0 6020312 25956240  24792 2833796    8    0     8     4 4341 6228  1  1 99  0  0  0
 1  0 6020308 25957156  24792 2833796    0    0     0     8 2667 3432  0  0 99  0  0  0
 0  0 6020300 25957616  24808 2833760    0    0     0   172 1456 1886  0  0 99  0  0  0
 0  0 6020300 25949204  24808 2833800    0    0     0   336 2716 3572  1  0 99  0  0  0
 0  0 6020300 25947220  24808 2833800    0    0     0     0 2806 3177  0  0 99  0  0  0
 3  0 6020300 25944744  24808 2833804    0    0     0    56 2796 3905  1  1 99  0  0  0
 0  1 6020292 25949072  24808 2833816    8    0    24     8 2463 3113  1  0 99  0  0  0
 0  1 6020268 25124708  24808 3346000   28    0 504288    20 7186 9494  1  2 94  3  0  0
 1  0 6020256 24297116  24816 4135580   16    0 789328   180 8299 11890  1  1 95  4  0  0
 1  0 6020256 23517928  24816 4936300    0    0 800844     0 10745 15745  1  1 94  4  0  0
 1  0 6019768 22716252  24816 5737004  512    0 801092    40 9316 13536  1  1 94  4  0  0
 0  1 6019764 21549396  24816 6479024    0    0 742048     8 8864 12344  1  2 94  3  0  0
 1  0 6019760 20096416  24816 6686052    4    0 207008     0 4314 5162  1  3 94  1  0  0
 1  0 6019756 19054248  24824 7543912    4    0 857932   144 8968 12975  0  1 95  4  0  0
 1  0 6019756 16957168  24824 7971248    0    0 427264     0 5127 6456  1  2 95  2  0  0
 2  0 6019756 12882176  24824 12601308    0    0     0    56 235699 2485  0  8 92  0  0  0
 2  0 6019752 8018212  24824 17443956    4    0     4     8 271393 3681  1  8 92  0  0  0
 1  0 6019748 4096884  24824 21357428    4    0     4     0 478247 1927  0  9 91  0  0  0
 2  0 6019748 1495256  24832 24222308    0    0     0   140 86163 2313  0  6 94  0  0  0
 2  0 6019744 300904  24856 25300956    0    0     0    92 621526 5522  1 10 89  0  0  0
 1  4 6019744 405540  24856 24419364    0    0 132148     0 44517 67645  1  3 84 13  0  0
 1  0 6019744 359224  24856 23736796    0    0 203732   400 57624 106421  2  2 80 16  0  0
 1  0 6019736 343496  24856 23358924    0    0 1587600    48 15870 6291  5  1 92  2  0  0
 1  0 6019728 376564  24856 23232204   12    0 1587612     0 15811 5717  6  1 88  5  0  0
 2  1 6019688 383432  24856 23105364   28    0 417156     4 6263 4538  5  2 93  1  0  0
 1  0 6019688 356204  24864 23105360    0    0 1221688   184 13253 5529  6  0 92  1  0  0
 1  0 6019680 315304  24864 23105360    4    0 1305884    12 14044 6293  6  1 91  2  0  0
 1  0 6019456 313088  24864 23105368  240    0 934876     0 10873 5307  5  1 93  1  0  0
 1  0 6018824 327468  24864 23105388  660    0 1408920     0 14579 5894  6  0 90  3  0  0
 1  0 6018760 315948  24864 23105384   64    0 653028     0 9317 5990  5  1 91  3  0  0
 1  0 6018760 340716  24896 23105384    0    0 1408360   516 15947 6079  6  1 91  2  0  0
 1  2 6018752 346236  24896 23105388   20    0 1459596    52 15925 7287  6  1 91  2  0  0
 2  1 6018740 340240  24920 23105380   12    0 438268   172 5917 3645  4  1 93  1  0  0
 1  3 6018736 342076  24952 23105388    4    0 1199476   188 12741 5443  6  0 92  2  0  0
 1  0 6018680 340104  24952 23105456   76    0 1409480     4 14767 5423  6  1 91  2  0  0
 1  0 6018576 337672  24952 23105456  100    0 934676    48 10345 4269  5  1 92  2  0  0
 1  0 6018560 348164  24952 23105464   16    0 1689964    32 18201 8608  6  1 91  2  0  0
 1  0 6018560 321688  24952 23105464    0    0 934636     4 10587 4579  5  1 93  1  0  0
 1  0 6018556 344980  24976 23105460    0    0 1638816   488 15914 5658  6  1 91  2  0  0
 2  1 6018532 351712  24976 23105468   24    0 1032104     0 13338 7193  6  1 91  2  0  0
 1  0 6018532 350748  24976 23105468    0    0 376160     4 5911 3143  4  1 94  0  0  0
 1  0 6018504 352352  24976 23105472   32    0 2150800    28 21534 8503  6  1 89  4  0  0
 9  0 6018480 357512  24976 23105472    8    0 2048472     4 20061 7595  6  1 90  3  0  0
 2  1 6018480 316216  25008 23105460    0    0 1163040   200 12691 5326  5  2 92  1  0  0
 2  1 6018464 331924  25008 23105540   12    0 1567464     4 15570 5477  6  1 88  5  0  0
 1  0 6018464 338940  25032 23105536    0    0 1622488   176 16755 6377  6  1 91  2  0  0
 1  0 6018456 334784  25032 23105536    8    0 857828     8 10932 6212  5  1 93  1  0  0
 1  0 6018456 335240  25032 23105536    0    0 2150944     0 20707 6933  6  1 90  3  0  0
 1  0 6018436 341992  25032 23105632   16    0 934748     0 10706 4838  5  1 93  1  0  0
 2  1 6018428 352524  25032 23105728   12    0 1298560     0 15363 8199  6  1 92  2  0  0
 9  1 6018428 351948  25040 23105728    0    0 1472432   172 14588 5328  6  0 91  3  0  0
 1  0 6018408 329660  25040 23105948   20    0 993172    12 12396 6642  5  1 92  1  0  0
 1  0 6018408 329128  25040 23105948    0    0 1946096   400 19358 7321  6  1 91  2  0  0
 2  0 6018408 335256  25040 23105948    0    0 2073868     8 19738 6601  6  1 89  4  0  0
 2  1 6018408 345692  25040 23105948    0    0 932584     0 10206 4748  5  1 93  1  0  0
 1 12 6018404 299616  25048 23106100    4    0 1098120   204 15553 20674  5  2 72 22  0  0
 0 19 6018380 339748  25048 22979852   28    0 2578040     8 34049 54090  7  2 45 47  0  0
 3  1 6018372 336280  25088 22979964    8    0 2706056   480 35716 59982  8  2 40 51  0  0
 2  5 6018360 333544  25088 22980336   16    0 2196588    12 31035 71699  8  2 58 33  0  0
 2  3 6018352 335556  25088 22980976    8    0 1796880     0 27545 77174  9  1 66 24  0  0
 3  8 6018352 341408  25088 22982824    0    0 1697724     0 25975 78711  9  1 68 22  0  0
 1  1 6018176 344752  25112 22983796  212    0 1690652   148 26804 81730  9  2 67 22  0  0
 1  0 6018168 328340  25112 22984824    8    0 1653820     0 24858 81038  9  1 69 21  0  0
 0  5 6018168 328236  25112 22986220    0    0 1302396     0 21110 73666  9  1 75 15  0  0
 4  0 6018168 330704  25112 22988144    0    0 1313732     0 21908 82149  9  1 76 14  0  0
 1  0 6018168 328400  25128 22988708    0    0 1236952   220 20651 76754  9  1 75 15  0  0
 2  2 6018164 339620  25132 22991148    4    0 895668    24 16925 64340  8  1 82 10  0  0
 1  0 6018164 333772  25132 22991384    0    0 1121676     4 18875 67311  8  1 78 13  0  0
 1  3 6018144 332852  25132 22993252   16    0 1173136     0 18986 75374  9  1 77 13  0  0
 1  6 6018140 331700  25132 22994416    4    0 1206892     0 21996 85000 10  1 77 12  0  0
 0  3 6018132 328136  25140 22995488    4    0 1404492   172 22793 88400 10  1 73 16  0  0
 1  0 6018132 3749388  25140 22994240    0    0 1264968     8 21950 79419  9  2 74 15  0  0
 2  0 6018120 12165640  25140 2121240   12    0    12    28 4181 3799  1  5 94  0  0  0
