procs -----------memory---------- ---swap-- -----io---- -system-- -------cpu-------
 r  b   swpd   free   buff  cache   si   so    bi    bo   in   cs us sy id wa st gu
 3  0 6337868 26080060  41912 2971632  691  913 228448  1739 18529    8  4  1 92  4  0  0
 0  0 6337768 26062616  41912 2971732   48    0    64     0 2128 2735  1  0 99  0  0  0
 0  0 6337544 26069140  41920 2971732   24    0    32   248 2005 2432  1  0 99  0  0  0
 0  0 6337456 26074652  41928 2971732   28    0    28   204 1090 1407  0  0 99  0  0  0
 0  0 6337080 26061960  41928 2971724  176    0   176     0 2162 2578  0  0 99  0  0  0
 0  0 6336784 26051832  41928 2971732  172    0   172     0 3220 4137  1  0 99  0  0  0
 1  0 6329176 26052284  41928 2971736 9104    0  9104    28 4502 5941  1  0 98  1  0  0
 1  0 6329176 26053112  41928 2971736    0    0    64    64 2012 2547  0  0 99  0  0  0
 0  0 6329016 26063728  41928 2971804    8    0     8     0 1833 2397  0  0 99  0  0  0
 1  1 6328960 26059508  41944 2971796   84    0   104   416 1764 2624  0  0 99  0  0  0
 0  0 6328752 26061488  42200 2971952  224    0   328  1092 5255 7611  1  1 98  0  0  0
 0  0 6328164 26062508  42464 2971832  704    0   844  1256 2619 3567  1  1 98  1  0  0
 0  0 6327980 26069736  42708 2972232  212    0   260  1368 2015 2789  1  0 98  0  0  0
 0  0 6327944 26071492  42948 2972280   20    0   172  1236 2415 3502  1  0 99  0  0  0
 0  1 6327936 26069844  43188 2972200   24    0    24  1088 2113 3257  0  1 99  0  0  0
 4  0 6327228 26074364  43420 2972568  756    0   872  1128 2996 4681  0  1 99  0  0  0
 0  1 6327156 25294928  43668 3470336  112    0 490024  1368 7321 9833  1  2 94  3  0  0
 0  1 6327112 24489788  43908 4244044   40    0 773312  1132 9242 13322  1  1 94  4  0  0
 1  0 6327084 23729756  44148 5027004   32    0 782976  1092 8627 13023  1  1 94  4  0  0
 0  1 6323260 22922608  44388 5818552 4904    0 796680  1160 11986 18112  1  1 93  5  0  0
 0  1 6322652 21816396  44668 6488020  768    0 669968  1308 9881 13651  1  2 94  4  0  0
 0  1 6322032 20828436  44916 6981940  688    0 494684  1216 6429 8688  1  3 94  3  0  0
 0  2 6322004 19274828  45148 7653968   24    0 671696  1192 8486 12153  1  2 94  3  0  0
 1  0 6322004 17016208  45372 8891356    0    0 86528  1128 3477 4132  1  4 94  1  0  0
 1  0 6321992 11033744  45612 14872788   16    0    16  1164 2477 2634  0  5 94  0  0  0
 1  0 6321948 5094088  45852 20813100   44    0    48  1644 4295 4985  0  5 94  0  0  0
 2  0 6550872 759156  21328 25661532 1424 207860  1448 210072 379466 4460  1  6 93  0  0  0
10  0 6831128 760624  21336 25920436 251952 541604 279992 541788 1051287 90159  4 23 62 11  0  0
 0  1 6828820 873728  21368 25565044 2988  276  4212   632 10947 5607  1 19 79  1  0  0
 2  1 6808788 655368  21384 24690516 21292    0 213568     0 20942 13180  2  4 87  8  0  0
 1 15 6807344 719052  21392 24566508 1504    0 2922048     0 37476 31129  4  1 31 64  0  0
 1 15 6806880 707704  21396 24567024  496    0 2054656     8 26918 22052  3  1 29 67  0  0
 1 15 6806752 702840  21408 24567024  160    0 2109652   832 25831 19076  3  1 29 67  0  0
 1 15 6806536 700872  21408 24567024  228    0 1955256     0 23335 16403  3  1 27 69  0  0
 1  0 6806308 701496  21416 24567272  256    0 3663620   132 42827 24283  4  2 30 64  0  0
 3 15 6805892 695616  21424 24569284  408    0 3493796    76 40883 26064  4  1 30 65  0  0
 3  3 6495712 327752  21424 24569320 311656    0 2261344    32 64269 78239  4  2 53 41  0  0
 1  0 6430340 403236  21424 24263896 65244    0 1282888     8 28418 84149 13  1 69 17  0  0
 1  0 6424452 392140  21424 24264724 5336    0 1902184     0 916733 79416 13  5 55 27  0  0
 2 15 6416456 370744  21424 24265260 7912    0 1806032     0 27244 66800  8  1 68 23  0  0
 1  0 6413916 368032  21432 24266384 2512    0 1562032   172 24898 73727  8  1 73 17  0  0
 1  0 6400432 352336  21432 24267716 13480    0 1826696     4 30526 81019  9  2 64 26  0  0
 4  0 6382820 339300  21456 24277692 18112    0 1903132   180 34642 93839  9  2 61 28  0  0
 0 12 6381796 331736  21456 24279096 1020    0 1623516     0 25037 82971  8  2 72 18  0  0
 2  2 6376936 315080  21456 24280720 4764    0 1493756     0 24105 73556  8  2 73 18  0  0
 5  3 6372120 304392  21456 24282504 4744    0 1329320     0 22029 78959  9  1 75 14  0  0
 3  1 6370956 296584  21456 24284452 1164    0 1121772    32 20621 70342  8  1 80 11  0  0
 1 10 6364748 279632  21464 24286276 6192    0 1104424   172 19592 67303  8  1 79 12  0  0
 6  1 6360852 405816  21468 24153064 3888    0 1045924     0 19062 71996  8  1 80 10  0  0
 2  3 6360044 394268  21468 24154904  808    0 946740     0 735403 74000  9  5 78  8  0  0
 1  0 6359500 388712  21468 24156664  664    0 921996     0 531236 69963  9  3 78  9  0  0
 2  0 6359480 394040  21468 24159132   16    0 674568     0 14846 65410  8  1 85  6  0  0
 1  0 6359468 377476  21476 24160572   12    0 995600   132 17610 68636  8  1 81 10  0  0
 6 10 6356524 368924  21476 24162032 2968    0 1173712     0 20400 73910  9  1 78 13  0  0
 1  0 6356520 372448  21476 24163068    0    0 1311924     0 20711 74138  9  1 74 16  0  0
 1  0 6350052 379908  21492 24164044 5336    0 1429868   104 24874 86140 10  1 73 16  0  0
 2  0 6348476 370788  21492 24165184 1508    0 1157264    32 20942 74048  8  2 79 12  0  0
 7  0 6344996 385240  21492 24174624 3544    0 1331560   456 22273 72361  8  1 75 16  0  0
 5 15 6340908 388924  21920 24177228 4168    0 974500  1232 18583 66202  8  1 81 10  0  0
 0  0 6340820 381324  21920 24178540  100    0 1167220   460 21592 78634  8  1 79 12  0  0
 1  0 6340196 376812  21920 24179696  660    0 1312244     0 21667 81541  8  1 78 13  0  0
 1  0 6337648 378752  21920 24181876 2088    0 1226548     8 22238 64084  8  1 77 14  0  0
 3  0 6334812 407896  21920 24183152 1288    0 1054644   116 19530 73588  9  1 80 10  0  0
 3  0 6333312 410412  21920 24184652 1480    0 1013876    16 17229 67608  8  1 80 11  0  0
 1  0 6125008 6570400  21928 21848972 3476    0 617924   208 13210 42239  5  2 87  6  0  0
 3  0 6081584 6723820  21928 9545184   92    0   128     0 3551 3561  1  5 94  0  0  0
 1  1 6081540 24034048  21928 3309596   40    0    88    32 3912 4424  1  6 94  0  0  0
