procs -----------memory---------- ---swap-- -----io---- -system-- -------cpu-------
 r  b   swpd   free   buff  cache   si   so    bi    bo   in   cs us sy id wa st gu
 3  0 6022892 25866692  24836 2913328  692  914 228944  1739 18541    8  4  1 92  4  0  0
 0  0 6022884 25850656  24836 2913424    0    0    16    12 1986 2402  0  0 99  0  0  0
 0  0 6022792 25836820  24836 2913536   92    0   204     0 4908 7459  1  1 98  0  0  0
 0  0 6022784 25842384  24836 2913536    8    0     8     0 1348 2128  0  0 99  0  0  0
 0  0 6022784 25841096  24844 2913548    0    0     0   172 1852 2448  0  0 99  0  0  0
 0  0 6022784 25847176  24844 2913548    0    0     0   556 2037 2765  0  0 99  0  0  0
 0  0 6022784 25841444  24844 2913548    0    0     0    12 1291 1757  1  0 99  0  0  0
 0  0 6022772 25836452  24844 2913548   16    0    16     8 2047 3182  0  0 99  0  0  0
 0  0 6022768 25861020  24844 2913544    4    0     4    32 3033 4185  1  0 99  0  0  0
 0  0 6022768 25860416  24852 2913544    0    0     0   160 1223 1479  0  0 99  0  0  0
 1  0 6022764 25864716  24852 2913548    4    0     4     0 1823 2460  0  0 99  0  0  0
 0  0 6022732 25857076  24900 2913712   28    0   176  1108 2183 3360  1  0 99  0  0  0
 0  0 6022664 25851680  24900 2914036  104    0   136     0 3408 4879  1  1 99  0  0  0
 0  0 6022608 25855656  24900 2914040   48    0    48   160 3004 4268  0  0 99  0  0  0
 0  0 6022608 25861020  24920 2914044    0    0     0   232 2083 2983  0  0 99  0  0  0
 0  1 6022584 25849796  24920 2914016    4    0    20     0 1351 2089  1  0 99  0  0  0
 0  1 6022584 25056216  24924 3431420    0    0 509316     0 6999 9054  1  2 95  3  0  0
 0  1 6022468 24239020  24924 4214776  100    0 783436     8 8748 12342  1  1 94  4  0  0
 0  1 6022464 23467604  24924 5001252    4    0 786476    36 9212 13516  1  1 95  4  0  0
 0  1 6022420 22671800  24924 5798220   36    0 796748     8 8984 13040  1  1 95  4  0  0
 1  0 6022400 21546800  24932 6498580   20    0 700504   188 8253 11635  1  2 94  3  0  0
 0  1 6022340 20557728  24932 7021604   48    0 523208     0 6056 7999  1  2 95  2  0  0
 1  0 6022284 18792728  24932 7500488   16    0 478900    28 8101 11132  1  2 94  2  0  0
 1  0 6022144 17384924  24932 8232752   96    0 443012     0 7158 9564  1  3 94  2  0  0
 1  0 6022116 11454440  24932 14158216    8    0     8    12 2070 1517  0  5 95  0  0  0
 2  0 6022036 5465832  24940 20137800   44    0    44   132 2713 2474  0  5 94  0  0  0
 1  0 6022024 554024  24664 25034180    0    0     0     0 102882 2577  0  6 94  0  0  0
 2  0 6021880 1343172  24608 24326712   60    0    60     0 536449 1694  0  9 90  0  0  0
 1  0 6021876 501740  24608 24428684    4    0  8288    40 350566 8750  1  7 90  2  0  0
 0 16 6021824 496316  24608 24051092   48    0 2753048    16 32665 24071  3  2 40 55  0  0
 1 15 6021660 481576  24616 24051096  188    0 1970036   152 24279 18605  2  1 29 68  0  0
 1 15 6021556 482716  24616 24051104   80    0 1997188   404 24686 18616  2  1 28 69  0  0
 3 14 6021540 484072  24616 24051100    8    0 1944176    12 25685 20125  2  1 29 68  0  0
 2 14 6021536 477484  24616 24051100    0    0 3144988     8 37129 23501  3  2 29 66  0  0
 2 14 6021052 473784  24616 24051112  488    0 3559012    44 41069 25018  3  2 31 64  0  0
 1  0 6021048 496112  24624 23924496    4    0 3012244   164 35635 26521  6  2 41 52  0  0
 0  7 6021040 509736  24624 23798884    8    0 1708304     4 25232 84303 13  2 63 22  0  0
 5  0 6021040 505864  24624 23799740    0    0 1933772    12 28115 78614 11  1 63 24  0  0
 1  6 6021036 483604  24624 23800136    4    0 1835372    36 27133 67711  7  2 70 22  0  0
 2  2 6021036 477560  24624 23801380    0    0 1639036     8 23969 72723  8  1 71 20  0  0
 1  0 6021036 476480  24632 23802680    0    0 1893904   568 28404 82429  9  2 66 23  0  0
 1  3 6021016 474332  24632 23804216   12    0 1821232     0 27033 85904  9  1 69 21  0  0
 1  0 6021004 483248  24632 23805380    8    0 1533160     8 24865 78548  8  1 74 17  0  0
 1  0 6020984 485024  24632 23807252   20    0 1569768     4 26605 83375  9  1 72 17  0  0
 2  4 6020960 476380  24632 23809400   12    0 1188840   156 20624 76735  8  1 79 11  0  0
 0  4 6020960 474992  24640 23811160    0    0 1049632   140 17469 66309  8  1 81 10  0  0
 5  3 6020960 477112  24640 23812880    0    0 1210128     4 19051 67967  8  1 78 13  0  0
 0  5 6020956 475528  24648 23814404    4    0 959704   108 17000 73254  8  1 83  8  0  0
 1  4 6020928 476204  24648 23816668   32    0 1048408    40 18814 73164  8  1 82  9  0  0
 1  0 6020920 475648  24648 23818624    8    0 747944    24 14726 65500  8  1 85  6  0  0
 1  0 6020880 476216  24648 23820140   16    0 903828     0 16782 68221  8  1 82  8  0  0
 0  2 6020876 473408  24680 23821420    4    0 1004384   240 17020 71560  9  1 81  9  0  0
 0  2 6020868 475572  24680 23822576    8    0 1422520     0 24051 78648  9  1 74 16  0  0
 1 12 6020828 473028  24680 23823512   32    0 1478676    20 23862 83480  9  1 74 15  0  0
 1  0 6020812 470648  24680 23824624   32    0 1145772    12 18905 74620  9  1 80 11  0  0
 1 12 6020800 469544  24680 23825952   12    0 1444068     4 22218 74617  9  1 76 15  0  0
 5  3 6020800 467408  24680 23827608    0    0 1018740     0 18322 66712  8  1 81 10  0  0
 0  0 6020792 466072  24688 23829236    8    0 1177600   132 18879 76951  8  1 80 10  0  0
 5  3 6020684 465028  24688 23829952  116    0 1320972    36 23677 85875  9  1 78 12  0  0
 0  6 6020652 465600  24688 23831748   20    0 1269980     8 21045 63491  7  1 78 13  0  0
 1  0 6020636 459624  24688 23832628   20    0 1114544     0 19539 76945  9  1 81  9  0  0
 1  5 6020600 577896  24688 23707948    4    0 1051680     0 18922 71975  8  1 80 10  0  0
 0  0 6020548 7112248  24696 21370508   52    0 575212   552 13867 42012  5  3 88  5  0  0
 1  0 6020504 25127544  24696 2833588   56    0   108     8 3280 3894  0  5 94  0  0  0
