procs -----------memory---------- ---swap-- -----io---- -system-- -------cpu-------
 r  b   swpd   free   buff  cache   si   so    bi    bo   in   cs us sy id wa st gu
 2  0 6777600 26647520   9980 2914996  691  914 227955  1740 18444    8  4  1 92  4  0  0
 0  0 6776604 26617716   9980 2915756  704    0  1168     0 1953 2080  0  0 99  0  0  0
 0  0 6775628 26601540   9980 2915892  616    0   752     0 5827 7816  1  1 98  0  0  0
 0  0 6775108 26610004   9980 2915896  376    0   376     4 2002 2725  1  0 99  0  0  0
 0  0 6774216 26611468   9988 2915892  552    0   552   264 1562 2016  0  0 99  0  0  0
 0  0 6773540 26613848   9988 2915892  448    0   448    28 1906 2473  1  0 99  0  0  0
 0  1 6772712 26618264   9988 2915892  436    0   436     0 2014 2575  0  0 99  0  0  0
 0  0 6772280 26631796   9988 2915896  280    0   280     0 2366 3135  0  0 99  0  0  0
 1  0 6771644 26623484   9988 2916144  492    0   736    64 2313 2795  0  0 99  0  0  0
 0  0 6770752 26625392   9988 2922556  580    0  6992    28 2486 2918  1  0 99  0  0  0
 0  0 6770268 26622764   9996 2922716  220    0   380   152 1503 1814  0  0 99  0  0  0
 0  0 6768624 26626432  10140 2922940 1200    0  1564     4 2192 2942  1  0 99  0  0  0
 0  0 6768020 26625500  10144 2923384  344    0   800     0 4784 7059  1  1 98  0  0  0
 1  0 6767512 26622140  10144 2923388  292    0   292     0 1316 1605  0  0 99  0  0  0
 0  0 6765376 26609280  10424 2932804 1892    0 11572   176 2855 3829  0  0 99  1  0  0
 1  0 6760248 26605656  10444 2936752 5404    0  9372   220 3592 4620  1  0 98  1  0  0
 0  1 6757820 25803988  10444 3450736 2264    0 508036     0 6983 9272  1  2 94  3  0  0
 0  1 6757332 24965244  10444 4244332  316    0 793784   500 10020 14510  1  1 94  4  0  0
 0  1 6756516 24176136  10580 5040840  620    0 797644    60 9225 13254  1  1 95  4  0  0
 1  0 6739344 23322808  10580 5758024 10708    0 727388    20 10009 13575  1  1 94  4  0  0
 1  0 6738704 22299948  10588 5914472  360    0 157160   228 4104 4563  1  4 94  1  0  0
 0  1 6736140 20853404  10612 6606572 1736    0 693456    92 8373 11706  1  2 94  3  0  0
 0  1 6733972 19277064  10612 7295188 2312    0 691056     0 10761 15198  1  2 94  3  0  0
 1  0 6733168 16453952  10612 9908052  468    0 250612     4 5492 6755  1  4 94  1  0  0
 1  0 6732256 10561440  10612 15800560  452    0   452    32 3331 2827  0  5 94  0  0  0
 1  0 6731788 5973052  10612 20650144  308    0   308     4 173631 2366  0  7 93  0  0  0
 2  0 6730892 2164224   9960 24412092  260    0   260  1336 3733 5587  0  5 94  0  0  0
 1  0 6730376 2528580  10076 23644044  240    0   372     4 4578 7662  1  5 94  0  0  0
 1  0 6729860 1639988  10076 23655248  296    0 1967244     4 26197 20506  2  3 57 38  0  0
 1 16 6728696 1621552  10076 23655252  776    0 2169392     8 429219 23015  3  7 24 66  0  0
 0 16 6727244 1600404  10076 23655408  928    0 1946276     0 388529 20256  2  7 23 68  0  0
 2 17 6726284 1579644  10076 23655412  592    0 1968944     0 217228 16494  2  4 25 69  0  0
 3  9 6725544 1565708  10084 23655416  460    0 2480544   516 490973 24788  3  7 24 66  0  0
 3 14 6725056 1498308  10084 23655440  280    0 3535028     4 594024 26344  4  8 25 63  0  0
 3 14 6724208 1506700  10084 23655440  468    0 3343740     8 537267 25133  4  8 25 63  0  0
 1  8 6723604 1291404  10108 23656176  204    0 1722852   224 455939 55355 11  4 56 28  0  0
 7  6 6722496 1299020  10108 23657132  840    0 1764980     0 1476597 79512 14  7 52 27  0  0
 3  2 6712172 1300836  10108 23658392 6432    0 1685800     0 1068182 65215 10  7 59 24  0  0
 8  0 6711504 1292216  10108 23658896  288    0 1617148     0 933740 67966  9  7 63 21  0  0
 1  0 6710476 1300932  10124 23660672  672    0 1557980   216 793273 72881  9  6 63 22  0  0
 1  0 6709708 1311892  10124 23661892  472    0 1825344     0 27277 77417  8  2 64 26  0  0
 1  0 6708700 1304512  10124 23662740  700    0 1674832     0 25668 81664  8  2 68 22  0  0
 1 15 6708144 1303864  10124 23665104  312    0 1478912     0 24913 76240  8  2 72 18  0  0
 1  0 6707632 1304652  10128 23666180  296    0 1442828     0 23346 76564  8  1 71 20  0  0
 2  0 6706836 1293228  10136 23668132  512    0 1169828   120 227779 76398  9  2 77 12  0  0
 6  0 6706180 1290564  10136 23670096  432    0 1078988     0 990393 64349  8  6 73 13  0  0
 6  0 6705332 1293268  10136 23671384  496    0 1122296     0 1040627 63194  9  6 71 14  0  0
 2  0 6704816 1297016  10136 23673300  292    0 920120     0 1099459 70921 10  6 75  9  0  0
 1  0 6704304 1286604  10136 23674980  376    0 965680    24 617341 72083  9  4 78  9  0  0
 3  1 6703460 1282724  10144 23676576  420    0 777000   128 1005041 65138  9  6 78  7  0  0
 2  0 6700268 1282612  10184 23679712 3476    0 824748   980 549552 66745  9  4 79  9  0  0
 6  0 6698256 1272644  10184 23680644 1192    0 877124     0 1108774 65098 10  6 75  9  0  0
 2  6 6697696 1272936  10184 23682572  408    0 1093720     0 1145300 73862 10  6 70 13  0  0
 7  0 6697184 1279800  10184 23683568  320    0 1229348     0 1091785 72228 10  7 67 16  0  0
 1  0 6696252 1267248  10184 23683928  540    0 1355052     8 847790 76681 10  5 68 16  0  0
 4  0 6695748 1261108  10192 23685244  284    0 1034812   108 774278 69201  9  5 74 12  0  0
 2  0 6694848 1261764  10192 23686120  612    0 1334036     0 1051025 69888  9  7 67 17  0  0
 2  0 6694356 1257904  10192 23687796  392    0 942016   740 1053774 64111  9  6 74 10  0  0
 7  4 6693836 1261296  10192 23689288  252    0 1035228    40 1087731 73692 10  6 73 11  0  0
 0  6 6692972 1242544  10192 23690204  512    0 1299944    12 21354 78257  8  1 77 14  0  0
 2  3 6692000 1237480  10200 23692012  396    0 1164864   180 803569 63795  8  6 73 14  0  0
 2  0 6691144 1234964  10200 23693028  452    0 1071300     0 1057789 65792  9  6 73 12  0  0
 1  5 6690596 1237404  10200 23694828  328    0 934108    28 940992 73533  9  6 75 10  0  0
 2  0 6689964 1237860  10340 23696252  428    0 1049228     0 693043 69697  9  5 75 12  0  0
 2  0 6689116 7795900  10340 19522436  636    0 23784     8 287162 4411  1 10 89  0  0  0
 1  0 6688596 7824780  10348 5198996  276    0   276   120 6844 3669  1 10 89  0  0  0
