procs -----------memory---------- ---swap-- -----io---- -system-- -------cpu-------
 r  b   swpd   free   buff  cache   si   so    bi    bo   in   cs us sy id wa st gu
 3  0 6979860 26946784   8320 2840604  691  914 227896  1740 18433    8  4  1 92  4  0  0
 1  0 6979076 26926960   8320 2840856  464    0   480     0 1714 2144  1  0 99  0  0  0
 0  0 6977764 26932312   8324 2840848 1076    0  1080     0 3344 4450  1  0 99  0  0  0
 0  0 6976080 26934480   8324 2840972 1256    0  1376     0 4251 5779  1  0 99  0  0  0
 0  0 6974540 26933036   8324 2840972 1228    0  1228    16 1462 1705  0  0 99  0  0  0
 0  0 6973472 26922232   8332 2840976  692    0   692   136 2092 2650  1  0 99  0  0  0
 0  0 6972624 26925016   8332 2840976  620    0   620   376 2203 2774  1  0 99  0  0  0
 0  0 6971600 26926704   8332 2841000  596    0   608     8 2545 3655  1  0 99  0  0  0
 0  0 6970876 26916396   8332 2840992  416    0   416     0 1985 2955  0  0 99  0  0  0
 0  0 6970100 26934664   8332 2840992  476    0   476    52 2049 2717  0  0 99  0  0  0
 0  0 6969140 26934556   8340 2840992  616    0   616   156 1349 1627  0  0 99  0  0  0
 0  0 6967812 26936292   8340 2840996  896    0   896     0 2389 3282  0  0 99  0  0  0
 0  1 6964312 26929656   8344 2840996 2772    0  2776   240 2942 4094  1  0 99  0  0  0
 3  0 6963520 26934216   8344 2841108  376    0   488     0 4271 5989  1  1 99  0  0  0
 0  0 6961792 26943220   8344 2841116 1388    0  1396     0 2554 3081  0  0 99  0  0  0
 1  0 6959552 26936104   8352 2841544 1712    0  2144   152 2579 3111  1  0 99  0  0  0
 0  1 6958856 26168696   8484 3340420  312    0 491432     0 6454 8493  1  2 95  3  0  0
 0  1 6957600 25337296   8484 4129808  824    0 790024     0 8990 12986  1  1 94  4  0  0
 0  1 6956400 24531528   8500 4924328  948    0 795332   204 10062 14551  1  1 94  4  0  0
 0  1 6955436 23731884   8500 5718972  660    0 795308    60 9116 13797  1  1 94  4  0  0
 0  1 6954008 22595908   8500 6415508  940    0 697472    12 8231 11502  1  2 94  3  0  0
 1  0 6951824 21652848   8500 6876600 1552    0 462772     0 6775 8698  1  3 94  2  0  0
 0  1 6950732 20103568   8500 7523888  888    0 647916     0 6957 9613  1  2 95  3  0  0
 1  0 6949912 18017964   8500 8539844  552    0 59304     8 6248 7840  2  4 94  0  0  0
 1  0 6949272 12047036   8508 14490408  276    0   276   200 2666 2166  0  5 94  0  0  0
 2  1 6947072 6790724   8512 20090572 1816    0  3148    12 3020 3880  0  5 94  1  0  0
 2  0 6946360 2944620   8512 23936548  468    8   468     8 9416 5649  0  6 94  0  0  0
 1  0 6945204 2879216   8368 23736632  628    0   628     0 4080 6047  1  5 94  0  0  0
 0 30 6937120 1769064   8384 23743540 4888    0 1726188   168 24158 19820  3  3 62 33  0  0
 1 16 6932456 1672272   8384 23744596 2396    0 2007004    60 271935 21580  2  5 26 67  0  0
 3  0 6930984 1727148   8384 23744616 1272    0 1923920     8 362216 19800  2  6 24 68  0  0
 2 16 6930356 1710704   8384 23744616  276    0 1948748     0 330835 18073  2  6 23 69  0  0
 2 15 6929324 1704104   8384 23744740  408    0 3254036     0 468473 23139  4  7 25 65  0  0
 2 15 6928308 1705788   8388 23744816  816    0 3254176     0 289657 28886  3  5 29 63  0  0
 3 22 6927692 1479552   8396 23747228  292    0 1651556   132 1338660 54028 12  7 52 29  0  0
 2 10 6926640 1466732   8400 23747620  480    0 1632744    76 1538262 80595 15  7 53 25  0  0
 3  4 6926024 1469396   8400 23748200  516    0 1785228     0 1112377 74267 11  7 55 27  0  0
 2  0 6925036 1457228   8400 23749904  640    0 1602732     8 646580 67680  8  5 64 23  0  0
 0  0 6924388 1455836   8400 23751592  272    0 1572020   384 25814 84673  9  2 70 20  0  0
 1  0 6923736 1456600   8408 23753276  260    0 1482608   204 23948 84013  9  1 72 18  0  0
 0  6 6922784 1449552   8408 23754908  676    0 1322428     8 21260 83317  9  1 74 15  0  0
 6  1 6921940 1438960   8424 23757024  656    0 1049680   348 19687 87315 10  1 78 11  0  0
 1  0 6876344 1417176   8564 23761980 53720    0 918524     0 29441 84552  8  1 77 13  0  0
 6 16 6875360 1402468   8564 23763648  884    0 1248564     0 22576 68901  8  1 73 18  0  0
 6  6 6866572 1379032   9244 23777040 10200    0 1550416   104 27799 91369 10  2 67 21  0  0
 7 15 6842760 1333204   9880 23789076 27404    0 1575992   580 32659 105917 11  2 63 24  0  0
 3  1 6809832 1263160   9888 23790344 37472    0 1204096     0 30834 105468 12  2 69 17  0  0
 1  8 6800036 1271888   9900 23791396 10356    0 1834200   276 29948 79360 10  2 56 32  0  0
 0 19 6799472 1270476   9900 23791836  464    0 1155080     0 21391 87111 10  1 77 12  0  0
 1  0 6798952 1267752   9900 23791844  376    0 1977240    56 28984 81576  9  1 60 30  0  0
 1  0 6797344 7831632   9960 11441640 1304    0 390008   320 10162 23971  2  4 88  5  0  0
