procs -----------memory---------- ---swap-- -----io---- -system-- -------cpu-------
 r  b   swpd   free   buff  cache   si   so    bi    bo   in   cs us sy id wa st gu
 3  0 6029240 26164220  24008 2658516  692  914 228885  1740 18539    8  4  1 92  4  0  0
 0  0 6028756 26145724  24008 2658668   44    0   120     0 2328 2712  0  0 99  0  0  0
 0  0 6028616 26147456  24008 2658680   32    0    44     8 2369 3276  1  0 99  0  0  0
 0  0 6027632 26141556  24100 2660556  920    0  1732  1692 3755 5665  1  0 98  0  0  0
 0  0 6025416 26108952  26420 2662028 2376    0  6140    36 8342 11731  2  1 97  0  0  0
 0  0 6025320 26118644  26420 2662032   88    0    92     0 3619 4999  1  0 98  0  0  0
 0  0 6025044 26118140  26440 2662576  300    0   864   176 2607 3944  1  0 98  0  0  0
 0  0 6025032 26121792  26440 2662592    8    0     8     8 2899 3916  1  0 99  0  0  0
 1  0 6024888 26112100  27404 2667980  156    0  6496     0 4087 10332  2  1 98  0  0  0
 0  0 6024880 26105512  27404 2667980    8    0     8     0 3166 5454  1  0 98  0  0  0
 0  0 6024868 26091312  27404 2667980   12    0    16    28 2433 3483  1  0 99  0  0  0
 0  0 6024848 26080664  27412 2667988   16    0    32   192 2671 4127  1  0 99  0  0  0
 1  0 6024524 26082844  27412 2668716  384    0  1088    12 3125 4346  1  0 98  0  0  0
 0  0 6024520 26101296  27412 2668712    4    0     4    84 2934 4176  1  0 99  0  0  0
 0  0 6024480 26075336  27412 2668716   32    0    32     8 5084 7720  1  0 99  0  0  0
 0  1 6024480 26073752  27412 2668712    0    0    16     8 2306 3165  1  0 99  0  0  0
 0  1 6024480 25290648  27420 3177664    0    0 500868   204 7425 9878  1  2 94  3  0  0
 2  1 6024400 24463048  27484 3952972   60    0 775748   496 9731 15152  1  1 94  4  0  0
 0  1 6024068 23701324  27708 4747072  340    0 794400     8 9153 14531  1  1 94  4  0  0
 0  1 6023964 22918576  27708 5554920   88    0 808068     4 10406 15922  1  1 94  4  0  0
 0  1 6023964 21753932  27708 6282500    0    0 727576    28 8162 11301  1  2 95  3  0  0
 0  1 6023620 20831172  27708 6718128  484    0 435728   412 5548 7357  1  3 95  2  0  0
 1  0 6023620 19271232  27760 7398712    0    0 680972   476 7734 10849  1  2 94  3  0  0
 1  0 6023616 17659152  27760 8011524    8    0 612560    44 7366 9948  1  2 94  3  0  0
 1  0 6023604 13224796  27760 12354168   12    0    12     0 4699 5546  1  5 94  0  0  0
 1  0 6023596 7258428  27760 18313168    8    0     8   524 2885 2683  0  5 94  0  0  0
 2  0 6023596 1626892  27760 23942700    0    0     4     0 45116 2105  0  6 94  0  0  0
 2  0 6023596 3088948  24260 22575276    0    0    16   396 485735 2333  0  9 90  0  0  0
 2  0 6023584 1065156  24260 24528968   20    0    20     0 545244 2951  1  9 90  0  0  0
 0 16 6023564 391384  24264 24154516    8    0 1333528     0 300595 15275  2  5 67 25  0  0
 0 16 6023400 503524  24264 24027696   68    0 2256248    36 28206 24077  3  1 30 66  0  0
 1 15 6023396 505232  24264 24027692    8    0 1996820     0 24973 19178  2  1 29 68  0  0
 2 15 6023392 496764  24332 24027604    4    0 1902252   456 23554 17405  2  1 29 68  0  0
 0 16 6023392 489296  24332 24027608    0    0 3495048     8 39811 23606  3  2 31 64  0  0
 0 16 6023384 474300  24332 24027688    4    0 3538448     4 42042 27669  3  2 32 63  0  0
 0  2 6023368 395696  24336 23901464   20    0 1648716    80 27161 73206 12  2 59 27  0  0
 5  0 6023368 522972  24336 23774836    0    0 1776148     4 26322 85252 12  2 61 25  0  0
 0  2 6023360 519356  24348 23776068    8    0 1678392   260 25229 70037  8  2 66 24  0  0
 3  0 6023360 512836  24348 23777408    0    0 1711560    28 25410 74854  8  2 66 24  0  0
 2  7 6023360 510444  24356 23779180    0    0 1509152    96 23350 84446  9  2 72 18  0  0
 1  9 6023336 498996  24356 23780564   24    0 1509584    36 24863 83458  9  2 70 20  0  0
 1  0 6023316 494620  24356 23782396   16    0 1091152     0 20025 85570  9  1 78 11  0  0
 1  0 6023312 488540  24408 23784336    4    0 1024188   336 18523 85126  9  1 79 11  0  0
 0  5 6023252 486112  24820 23786600   60    0 798188     0 15730 60232  8  1 83  8  0  0
 2  0 6023244 470624  24820 23787800    8    0 1602728    16 25749 76692  9  1 66 24  0  0
 2  0 6023244 466436  24820 23787880    0    0 1546208     8 25097 91972 10  1 70 18  0  0
 1  3 6023244 465900  24820 23787900    0    0 1473840     0 24245 99119 11  2 70 17  0  0
 1  4 6022988 465068  24828 23787984  316    0 1055128   260 18808 83633  9  1 78 12  0  0
 2  0 6022988 464688  24828 23788312    0    0 1779708     0 25673 78710 10  1 57 31  0  0
 0  2 6022980 466156  24828 23788544    8    0 1415928    12 22195 77645  9  1 71 19  0  0
 1  0 6022912 3718224  24828 23786864  108    0 1733760    56 26173 75874  8  2 65 25  0  0
 1  0 6022892 13109980  24828 2912852   32    0    32     0 3058 2853  0  5 94  0  0  0
