procs -----------memory---------- ---swap-- -----io---- -system-- -------cpu-------
 r  b   swpd   free   buff  cache   si   so    bi    bo   in   cs us sy id wa st gu
 3  0 6347204 26378520  35120 2691604  691  914 228390  1739 18515    8  4  1 92  4  0  0
 0  0 6347200 26355016  35120 2691708    0    0    16     0 2250 2813  1  0 99  0  0  0
 0  0 6347124 26346944  35120 2691704   40    0    40     0 4811 7547  1  0 99  0  0  0
 0  0 6347120 26339596  35124 2691704    4    0     8   184 1797 2743  0  0 99  0  0  0
 0  0 6346780 26366616  35124 2691708  296    0   296    56 2145 4101  1  0 98  0  0  0
 0  0 6346768 26374564  35132 2691708   12    0    12   236 2058 2909  1  0 99  0  0  0
 0  0 6346764 26382640  35132 2692284    4    0   576     4 1447 2085  1  0 99  0  0  0
 0  0 6346480 26380332  35132 2692280  300    0   300     8 3092 4789  1  0 99  0  0  0
 0  0 6345928 26367408  35132 2692284  332    0   332   148 2094 2870  1  0 99  0  0  0
 0  0 6345916 26360532  35132 2692284    8    0     8     8 1478 1993  0  0 99  0  0  0
 0  0 6345608 26361032  35260 2692304  268    0   284   708 2344 3233  0  0 99  0  0  0
 0  0 6345364 26354688  35404 2692312  256    0   256   704 2577 3612  1  0 99  0  0  0
 0  0 6345184 26348200  35524 2692412  220    0   316   568 4507 6629  1  1 99  0  0  0
 0  0 6345100 26356632  35596 2692420   68    0    68   328 2643 3799  1  0 99  0  0  0
 1  0 6344732 26375364  36168 2692416  244    0   280  2624 3703 5421  1  1 98  1  0  0
 0  1 6344708 26368472  36472 2692476   12    0    44  1840 2814 3625  0  0 99  0  0  0
 1  0 6344504 25577072  36496 3196548  140    0 495872   144 7043 9559  1  2 94  2  0  0
 0  1 6344440 24713872  36520 4003252   36    0 806620   156 10361 15280  1  1 94  4  0  0
 0  1 6344152 23931836  36560 4803176  320    0 800356   404 8789 13209  1  1 94  4  0  0
 0  1 6344116 23120740  36608 5610820   12    0 807780   268 9001 13219  1  1 94  4  0  0
 1  0 6343372 22442992  36608 6187068  656    0 576732   608 7379 10060  1  2 94  3  0  0
 0  2 6342428 20616452  38352 6374452 1176    0 188496  7572 6974 10269  1  4 92  3  0  0
 1  0 6341308 19360488  41592 6931608 1036    0 558124 13760 14237 20994  1  2 90  8  0  0
 1  0 6341244 18267024  41592 7801736   40    0 870220     4 10165 15122  0  1 95  4  0  0
 1  0 6341224 13797600  41592 12141180   16    0    16    64 2368 2142  1  5 95  0  0  0
 1  0 6341196 7824280  41592 18110320   28    0   124     0 2601 2382  0  5 94  0  0  0
 1  0 6340896 1980944  41592 23933508  300    0   300     0 2518 2266  0  5 94  0  0  0
 1  0 6340892 1637620  41600 24313708    8    0     8   136 4001 6910  1  6 94  0  0  0
 1  7 6340400 742652  41600 24120116  492    0 726640     8 18135 11082  2  3 81 14  0  0
 2 15 6340376 720132  41608 24120120   20    0 2510248    84 248999 23861  3  5 28 64  0  0
 1 15 6340344 710036  41644 24120264    0    0 1959712   560 347372 19992  2  6 23 69  0  0
 0  6 6340260 697968  41644 24120272  112    0 1976504     0 234318 17585  2  5 25 69  0  0
 3 14 6339944 671872  41644 24120476  296    0 3304396     0 334498 29203  4  5 27 64  0  0
 1 15 6339820 664036  41644 24120472  120    0 3555112     4 378103 26164  4  5 29 63  0  0
 4  1 6339812 592116  41644 23973996    8    0 1902572    20 321358 62366 11  3 55 30  0  0
 2  0 6339776 563240  41664 23974716   44    0 1667172   364 1506511 80557 15  6 54 25  0  0
 6  0 6339760 561848  41664 23975488    4    0 1744332     0 1088566 71710 10  7 57 26  0  0
 1  0 6339736 712956  41664 23837736    8    0 1619648     0 214693 71632  8  3 68 22  0  0
 2  0 6339556 700684  41688 23839424  136    0 1523000   216 901584 82471 10  6 64 20  0  0
 2  2 6339556 702020  41688 23841096    0    0 1406612    40 1090612 80259 10  7 65 18  0  0
 4  0 6339556 704876  41688 23842200    0    0 1270168     0 1172901 81910 11  6 67 15  0  0
 1  0 6339552 693088  41688 23844568    4    0 1017096     0 546557 84822 10  3 76 10  0  0
 1  0 6339428 690880  41688 23846328  132    0 884960     0 18506 71337  9  1 81  9  0  0
 2 14 6339120 675036  41696 23848336  308    0 1268656   160 20604 64452  8  1 72 19  0  0
 2  7 6339056 683532  41696 23848436   36    0 1571796    44 25012 88794 10  1 69 19  0  0
 6  6 6339048 691416  41696 23848536    4    0 1558044     0 24622 95322 11  1 69 18  0  0
 5  0 6339044 692232  41696 23848628    0    0 1159660     0 20187 91535 11  1 77 11  0  0
 6  9 6339004 689896  41712 23848984    4    0 1833444   616 27395 76756 10  2 56 32  0  0
 1  2 6338872 696848  41712 23849240   40    0 1195728    28 19629 80436  9  1 76 13  0  0
 1 12 6338656 701508  41712 23849264  152    0 1939756     8 27790 79240  9  2 61 29  0  0
 1  0 6338512 6796528  41712 21510540  124    0 283060    24 8670 17800  3  4 89  4  0  0
 1  0 6337960 8110368  41908 2971612  472    0   688  2108 3088 3366  1  5 94  0  0  0
