procs -----------memory---------- ---swap-- -----io---- -system-- -------cpu-------
 r  b   swpd   free   buff  cache   si   so    bi    bo   in   cs us sy id wa st gu
 3  0 5732952 25764868  41084 2673240  559  773 211473  1647 17882    8  4  1 92  4  0  0
 0  0 5732952 25730104  41100 2673264    0    0     0   164 2310 2445  0  0 99  0  0  0
 0  0 5732948 25717980  41100 2673320    4    0    56     8 3665 4817  1  0 99  0  0  0
 0  0 5732948 25741632  41124 2673432    0    0    92   180 1792 2460  0  0 99  0  0  0
 0  0 5732944 25771868  41124 2673432    8    0     8     0 2473 2979  1  1 99  0  0  0
 0  0 5732944 25773456  41124 2673432    0    0     0     0 2509 3292  0  0 99  0  0  0
 1  0 5732944 25797152  41124 2673544    0    0    48    28 1490 2015  1  0 99  0  0  0
 1  0 5732944 25797508  41124 2673540    0    0    60     8 3067 4003  1  1 99  0  0  0
 0  0 5732944 25779168  41132 2673600    0    0     0   136 2416 3067  0  0 99  0  0  0
 0  0 5732944 25769040  41132 2673672    0    0    68     0 1848 2152  0  1 99  0  0  0
 0  0 5732944 25759948  41132 2673676    0    0     0     4 3894 5324  1  1 99  0  0  0
 0  0 5732944 25751024  41132 2673676    0    0     0    44 2210 2953  1  0 99  0  0  0
 0  0 5732940 25770424  41132 2673680    4    0     4   220 2609 3642  0  1 99  0  0  0
 0  0 5732940 25766264  41140 2673672    0    0     0   172 2149 2972  0  0 99  0  0  0
 0  0 5732940 25775140  41140 2673676    0    0     0     0 2501 3230  0  1 99  0  0  0
 2  0 5732940 25776880  41140 2673676    0    0     0     0 1930 2384  1  1 99  0  0  0
 0  1 5732940 25063004  41164 3114040    0    0 432176   132 6316 8352  1  2 94  3  0  0
 1  1 5732912 24237928  41164 3891360   28    0 777348    24 10178 14808  1  1 94  4  0  0
 0  1 5732912 23440524  41164 4681836    0    0 790608   232 8993 13620  1  1 95  4  0  0
 1  1 5732912 22636080  41164 5485012    0    0 803304     4 8720 12804  1  1 95  4  0  0
 1  1 5732908 21488456  41164 6219116    4    0 733724     0 10309 14456  1  2 94  3  0  0
 0  1 5732908 20428572  41172 6730580    0    0 511848   516 6814 8938  1  3 94  2  0  0
 0  1 5732908 18853816  41172 7407052    0    0 676468    36 11187 12445  1  4 92  3  0  0
 0  1 5732908 17347608  41172 8082940    0    0 675632     0 8420 11824  1  2 94  3  0  0
 1  0 5732904 16058792  41172 9558880    0    0 419996     0 5570 7231  1  3 94  2  0  0
 2  0 5732904 11378916  41172 14176620    0    0     0     0 340314 2072  0  9 91  0  0  0
 1  0 5732904 5551308  41180 19990936    0    0    92   172 25850 3404  0  6 93  0  0  0
 2  0 5732900 753168  41180 24806688    4    0    60     8 2898 3458  0  6 94  0  0  0
 1  0 5732900 1995288  41180 23338400    0    0     0     0 3733 4392  1  5 94  0  0  0
 2  0 5732832 1283056  41188 22947680   40    0 1328656   280 143008 16071  2  5 68 25  0  0
 2 15 5732824 1207876  41188 22947760    8    0 2323432     8 456305 25792  3  7 25 65  0  0
 1 16 5732824 1083984  41188 22947760    0    0 1928360    44 381147 19090  2  7 24 67  0  0
 0 16 5732824 1070700  41188 22947760    0    0 2149548    60 118391 18951  2  3 28 67  0  0
 0 16 5732824 1027792  41196 22947828    0    0 3554212   196 41351 25325  3  2 31 63  0  0
 5  0 5732824 936704  41196 22948600    0    0 2822764     4 34732 34538  6  2 42 49  0  0
 5  0 5732824 849892  41196 22949672    0    0 1769760     0 27136 78533 10  2 60 27  0  0
 8 13 5732824 847132  41196 22950752    0    0 2050068     0 28381 63391  7  2 58 33  0  0
 3 11 5732824 838520  41196 22951600    0    0 1771760    48 26250 67042  8  1 67 25  0  0
 1  6 5732812 823076  41204 22952976   12    0 1475072   160 25739 71435  8  1 73 18  0  0
 0  3 5732808 829116  41204 22953900    4    0 1460792     0 22659 69291  8  2 72 19  0  0
 5  0 5732804 817872  41252 22955236    4    0 1349388   196 23856 78597  8  1 75 16  0  0
 1  0 5732800 816584  41252 22956552    4    0 1387796    52 22831 78627  8  1 75 16  0  0
 0  6 5732800 809168  41252 22957052    0    0 1147284    12 19162 74249  8  1 79 12  0  0
 3  0 5732800 849012  41252 22958296    0    0 1390316     0 23685 79237  8  2 73 17  0  0
 1  0 5732792 838984  41252 22959612    0    0 1361184     0 22790 84180  9  1 75 15  0  0
 0  0 5732792 864684  41260 22960560    0    0 1275312   156 20843 86407  9  1 77 13  0  0
 5  3 5732780 881588  41260 22961032    4    0 924452     0 17312 78359  9  1 81  9  0  0
 5  0 5732780 899932  41324 22962112    0    0 1320508   556 22213 83958  9  2 73 17  0  0
 1  9 5732776 896892  41372 22963404    4    0 1046528   232 19206 74752  8  1 81 10  0  0
 5  0 5732776 899796  41372 22964216    0    0 1418036     0 22198 75582  8  1 71 19  0  0
 5  5 5732764 919500  41372 22965472   12    0 1700064     0 28095 93416 10  2 66 22  0  0
 1  8 5732764 909620  41372 22966324    0    0 1590468    52 24212 85678  9  2 68 21  0  0
 3  0 5732764 911368  41372 22966824    0    0 722968   244 15669 54007 12  2 78  7  0  0
 1  0 5732760 921608  41380 22967392    4    0 740580   428 17464 54047 12  2 78  8  0  0
 6  6 5732760 935188  41380 22967656    0    0 1331648     0 21184 74579  8  2 75 15  0  0
 1  0 5732760 938008  41380 22967988    0    0 1423712     0 22354 81791  9  2 71 18  0  0
 0  9 5732760 937500  41380 22968072    0    0 953516     0 17537 79864  9  1 81  9  0  0
 3  3 5732760 955752  41380 22968084    0    0 577248     8 12903 51638 12  1 81  6  0  0
 1  0 5732756 932100  41388 22968088    4    0 685268   128 15813 49146 12  2 78  8  0  0
 1  0 5732688 927840  41388 22968428   64    0 1235204     0 21225 90014 10  2 76 13  0  0
 1  0 5732684 929860  41388 22968528    4    0 724932     0 15684 80017  9  1 84  6  0  0
 1  0 5732684 927644  41388 22968672    0    0 1045812    48 18264 81972 10  1 77 12  0  0
 2  0 5732684 948212  41388 22969028    0    0 556780     4 13805 56090 14  2 81  4  0  0
 1  0 5732684 935364  41404 22969276    0    0 509068   220 13434 51115 12  2 81  5  0  0
 1  0 5732676 956220  41428 22969288    0    0 797500   156 15489 77360  9  1 83  8  0  0
 2  0 5732676 947632  41428 22969296    0    0 923164     4 17784 75427  9  1 80 10  0  0
 0  3 5732672 956484  41428 22969584    4    0 1143824     0 19410 90570 10  1 76 12  0  0
 2  0 5732668 6627472  41428 20636400    0    0 870184     4 16824 71065  9  2 81  8  0  0
 1  0 5732664 17360032  41428 2129784    4    0     4   444 4633 5310  0  5 94  0  0  0
