procs -----------memory---------- ---swap-- -----io---- -system-- -------cpu-------
 r  b   swpd   free   buff  cache   si   so    bi    bo   in   cs us sy id wa st gu
 4  0 5717848 20096776  36620 8168204  561  775 209226  1651 17856    8  4  1 92  4  0  0
 3  0 5717836 20081688  36620 8169956    8    0    48     0 4000 6284  1  1 98  0  0  0
 1  0 5717836 20064548  36620 8169960    0    0     0     0 3798 6125  1  1 98  0  0  0
 0  0 5717836 20079196  36620 8169976    0    0     0   324 6082 9425  1  1 98  0  0  0
 1  0 5717836 20075312  36620 8169992    0    0     0     0 2782 4367  1  1 99  0  0  0
 1  0 5717836 20074892  36632 8169992    0    0     0   400 3134 4645  1  1 99  0  0  0
 0  0 5717832 20075052  36632 8170052    4    0    64     0 3735 5760  1  1 98  0  0  0
 2  0 5717828 20101316  36632 8170052    0    0     0     4 2992 5000  1  1 99  0  0  0
 0  0 5717828 20086504  36632 8170096    0    0    28     0 5239 8802  2  1 98  0  0  0
 0  0 5717828 20099016  36632 8170096    0    0     0     0 3654 5897  1  1 99  0  0  0
 1  0 5717828 20101340  36640 8170096    0    0     0   140 3329 6489  1  1 98  0  0  0
 8  0 5717724 20102976  36640 8170096  128    0   128     0 4827 7311  1  1 98  0  0  0
 1  0 5717724 20120492  36640 8170700    0    0   596     0 5558 10411  2  1 98  0  0  0
 1  0 5717660 20087864  37188 8171060   68    0   924   272 8155 21301  2  1 98  0  0  0
 7  0 5717660 20109072  37188 8171120    0    0    60    36 3392 5112  1  0 98  0  0  0
 2  0 5717660 20122820  37196 8171228    0    0   100   384 4046 8299  1  1 98  0  0  0
 3  1 5717284 19542980  37196 8385532  372    0 207016     0 5729 6958  2  3 94  2  0  0
 2  0 5717256 18834688  37196 8650020   32    0 263984     0 7614 10382  2  3 94  2  0  0
 2  0 5717252 17200024  37196 8650140    4    0    96    12 4743 6072  2  4 94  0  0  0
 4  0 5717248 13821956  37196 11271740    0    0    68    16 2895 3174  1  5 94  0  0  0
 1  0 5717248 7832316  37204 17255924    0    0     0   204 3149 3820  0  5 94  0  0  0
 1  0 5717248 1818500  37204 23244944    0    0     0     0 3810 4643  1  5 94  0  0  0
 2  0 5717272 2332920  37180 22860992    0   24     0   948 4799 5923  1  6 93  0  0  0
 3  5 5717264 1404080  36448 23056792    8    0  4360     4 7981 12762  2  4 93  1  0  0
 6 15 5717260 1017140  36448 23060300    0    0 2570336    24 36144 26371  3  2 42 53  0  0
 1 16 5717260 974052  36456 23060380    0    0 1939640   204 25998 23249  2  2 32 64  0  0
 3 15 5717260 946252  36456 23060380    0    0 1947472     0 25353 20426  2  2 30 66  0  0
 3 15 5717260 927320  36468 23060400    0    0 3005476 15612 37246 25595  3  2 31 64  0  0
10 15 5717252 882448  36468 23060564    8    0 3561664     0 43578 28903  4  2 32 63  0  0
 2  8 5717204 704404  36472 23061416   40    0 1897176     0 29523 68632 12  2 55 31  0  0
 5 19 5717204 696516  36480 23062276    0    0 1984600   320 30907 78803  9  2 60 29  0  0
 2  9 5717188 704668  36480 23063396   16    0 1983588     0 30072 68220  8  2 60 30  0  0
 2  0 5717188 691720  36484 23064076    0    0 1683924     0 28095 73993  8  2 69 22  0  0
 1  0 5717188 656040  36616 23065552    0    0 1323164     0 28576 79012  8  2 76 14  0  0
 1  0 5717188 631656  36636 23066508    0    0 1558472   248 26395 80019  8  2 70 21  0  0
 4 12 5717188 610556  36636 23067884    0    0 1408888     8 24844 83163  8  1 75 16  0  0
 5  4 5717184 603876  36636 23068744    0    0 1121452     0 21318 78894  8  1 80 11  0  0
 1 15 5717180 603640  36780 23070068    4    0 1372460   152 23500 80420  9  2 75 15  0  0
 1  1 5717160 587008  36780 23071464    4    0 1461876     0 26179 85664  9  1 72 17  0  0
 2  0 5717124 600264  36780 23072504   44    0 1277912     0 23636 93363  9  2 77 12  0  0
 0  2 5717124 581668  36780 23073244    0    0 994524     8 19815 81731  9  1 80  9  0  0
 1  0 5717120 582192  36780 23074052    4    0 1164984     0 22249 90577  9  1 78 12  0  0
 1  0 5717120 582692  36788 23075352    0    0 1101940   140 20678 75152  8  1 78 13  0  0
 0  4 5717120 563460  36788 23076256    0    0 1247376     4 24590 85656  9  2 77 13  0  0
 0 12 5717012 587608  36800 23077664  104    0 1899840   144 30046 91023 11  2 61 27  0  0
 1  0 5716940 575112  40184 23077716   76    0 1568880   408 27309 95907 11  2 68 20  0  0
 3  0 5716940 461612  56540 23112396    0    0 1242996   384 30434 103322 11  2 70 17  0  0
 0  1 5716932 421540  67300 23133416   12    0 1326276     0 27882 85488 11  2 72 16  0  0
 0  4 5716928 419416  70240 23137108    4    0 1417900  3948 25652 80966 10  2 70 18  0  0
 1  0 5716928 416972  70240 23137212    0    0 1117720     0 21276 87233  9  1 78 11  0  0
 0  9 5716928 415968  70240 23137292    0    0 927128     8 18874 82856  9  1 81  9  0  0
 1  6 5716928 430560  70240 23137428    0    0 1008656     0 19766 78401  8  1 79 11  0  0
 2  5 5716928 434340  70240 23137780    0    0 1211392     0 21893 91081 10  1 76 13  0  0
 6  7 5716928 444964  70248 23137832    0    0 760012   248 18626 85729  9  1 83  7  0  0
 6  3 5716928 434296  70248 23138196    0    0 1071756   500 21742 89922 10  1 77 12  0  0
 4  0 5716928 440752  70248 23138208    0    0 777060  4228 16828 83300 10  1 83  7  0  0
10  0 5716912 417320  70308 23147248    4    0 823844     0 52423 84613 10  2 79  9  0  0
 2  0 5716912 412876  70308 23147272    0    0 877600     4 904202 78316 10  6 75  9  0  0
 2  0 5716892 381744  70324 23147580   20    0 1132512   284 20792 89629 10  1 76 12  0  0
 1  0 5716792 650248  70388 23146180   64    0 1110220  1380 23916 97497 12  2 76 11  0  0
 2  0 5716788 6917812  70388 2302880    8    0     8     8 6272 7662  1  5 94  0  0  0
 1  0 5716752 11310564  70388 2302496   36    0    68     0 3909 4252  2  6 92  0  0  0
