procs -----------memory---------- ---swap-- -----io---- -system-- -------cpu-------
 r  b   swpd   free   buff  cache   si   so    bi    bo   in   cs us sy id wa st gu
 5  0 5693320 25775924  40308 2567908  560  774 210348  1649 17874    8  4  1 92  4  0  0
 0  0 5693320 25763952  40308 2567964    0    0     8     0 2943 3519  1  1 99  0  0  0
 0  0 5693316 25758556  40308 2567960    0    0     0     0 2156 2854  1  1 99  0  0  0
 1  0 5693316 25774448  40308 2567960    0    0     0    44 1805 1971  0  0 99  0  0  0
 0  0 5693316 25786392  40308 2567968    0    0     0     0 4055 5917  1  1 99  0  0  0
 0  0 5693316 25767972  40316 2567960    0    0     0   164 1501 1975  0  0 99  0  0  0
 1  0 5693316 25775956  40316 2567968    0    0     0     0 1735 2653  0  1 99  0  0  0
 0  0 5693316 25781344  40316 2567968    0    0     0     0 2825 3718  0  1 99  0  0  0
 1  0 5693308 25795164  40316 2568284    8    0   328     0 3405 4751  1  1 99  0  0  0
 1  0 5693308 25799212  40316 2568284    0    0     0    40 2844 4063  1  1 99  0  0  0
 0  0 5693284 25814384  40492 2568344   16    0    64   880 2760 3650  1  1 99  0  0  0
 0  0 5693272 25790856  40636 2568404    0    0    20  1184 2055 2999  1  1 99  0  0  0
 0  0 5693252 25791816  40820 2568668   44    0   216   952 2315 3145  1  1 98  0  0  0
 0  0 5693216 25788720  41068 2568844   20    0   204  1240 3318 4130  1  1 98  1  0  0
 0  0 5693152 25788056  41324 2569176   24    0   220  1372 3015 4476  0  1 98  1  0  0
 1  2 5693144 25790284  41540 2569096    0    0    12   984 2070 2932  0  1 98  1  0  0
 1  0 5693140 25042484  41820 3012480    0    0 435080  1264 7476 10265  1  2 94  3  0  0
 0  1 5693116 24251016  42268 3760220   40    0 748056  2048 9114 13622  1  1 94  4  0  0
 0  1 5693100 23531044  42756 4496976    4    0 736424  2436 10646 16781  1  1 93  4  0  0
 1  0 5693060 22595312  43252 5246672   48    0 749648  2544 11086 16661  1  1 93  4  0  0
 1  0 5693008 22082928  43748 5869280   44    0 622376  2580 8385 12850  1  2 93  4  0  0
 1  1 5692988 20641160  44244 6457340   44    0 587872  2280 8525 12055  1  3 93  3  0  0
 0  1 5692956 19161324  44532 7112836   36    0 655900  1408 13973 12604  1  4 91  3  0  0
 1  0 5692704 17630892  44828 7788756  252    0 676092  1904 8728 12713  1  2 93  4  0  0
 1  1 5692636 16225048  45044 8453588   44    0 664616  1060 9585 13996  1  2 93  3  0  0
 3  0 5693936 12387420  44812 13024524  532 1668   540  3216 235891 4180  1  8 91  0  0  0
 1  0 5693912 7444208  45176 17977268    8    0   608  1180 260251 3435  0  8 91  1  0  0
 2  0 5693876 1462620  45416 23904852   12    0    16  1080 2662 2824  0  5 94  0  0  0
 1  0 5724280 731464  36128 24582396    4 29688   104 31956 37751 7725  1  6 93  1  0  0
 1  0 5744704 944824  33888 23368896   36 18480  4892 20184 32164 7709  1  5 91  2  0  0
 1 15 5744644 842980  34144 23369008    8    0 2730864  1328 32265 24322  2  2 31 65  0  0
 1 14 5740928 820920  34188 23374576 3732    0 2024776   280 28233 23373  5  2 25 69  0  0
 1 16 5739368 782512  34188 23383976 1544    0 2725788     4 33793 24774  4  2 26 68  0  0
 1 15 5739368 757820  34188 23384280    0    0 3293092     0 38252 22443  3  2 31 65  0  0
 7  0 5739368 707044  34196 23384520    0    0 3060652  1156 36663 23372  4  2 34 60  0  0
 1 17 5739352 522856  34196 23385496   16    0 1648320    12 25931 80237 11  2 62 25  0  0
 7  0 5739352 531024  34196 23386952    0    0 2062672     0 29559 68176  8  2 58 33  0  0
 1  3 5739348 520260  34196 23387828    0    0 1908732     0 28237 69904  7  2 65 26  0  0
 1  0 5739348 506276  34196 23388640    0    0 1599232     0 26164 72855  7  2 72 19  0  0
 1  6 5739348 488928  34204 23389740    0    0 1461604   244 22356 71216  7  1 74 17  0  0
 1  3 5739336 462948  34204 23391232   12    0 1432648     8 24583 81615  8  1 75 16  0  0
 1  3 5739336 479060  34204 23392796    0    0 1436156     0 23057 81092  8  1 76 15  0  0
 1  2 5739316 488824  34208 23395400   32    0 1158608     0 19825 75700  8  1 79 12  0  0
 7  4 5739316 490164  34208 23396652    0    0 1446960     0 23508 80719  8  1 75 16  0  0
 1  4 5739316 480000  34216 23397668    0    0 1363412   112 21846 84034  9  1 76 14  0  0
 0  2 5739316 486592  34216 23398724    0    0 1261248     8 21983 88832  8  1 78 12  0  0
 5  9 5739268 501348  34216 23399188   48    0 976292     0 18359 81182  8  1 81  9  0  0
 1  6 5739264 495808  34216 23400048    0    0 1285068     0 20866 80157  9  1 74 16  0  0
 5  0 5739260 486608  34216 23401392    4    0 1052564     4 20690 76865  8  1 81 10  0  0
 5 12 5739192 477576  34224 23402504   60    0 1592164   172 24883 81866  9  1 69 21  0  0
 0 17 5739192 505160  34224 23403328    0    0 1711280     8 27055 90925 10  1 67 22  0  0
 1  0 5739192 510664  34224 23404296    0    0 1449748     0 23661 86614  9  1 72 18  0  0
 1  0 5739188 508704  34224 23405272    4    0 1146384     0 20352 80552  8  1 79 11  0  0
 1  5 5739188 490472  34272 23405612    0    0 1276860   332 20235 73934  8  1 77 14  0  0
 1  0 5739188 499132  34272 23406004    0    0 1571548     0 24436 86483 10  1 71 19  0  0
 2  0 5739172 502836  34272 23406032   16    0 892956     8 18191 76788  8  1 82  8  0  0
 2  2 5739172 513852  34272 23406096    0    0 254500     0 9973 26521 16  2 80  2  0  0
 6  0 5739168 487444  34272 23406112    0    0 1000964     0 17253 77243  8  1 80 11  0  0
 2  3 5739168 487280  34280 23406492    0    0 1321360   128 23734 93087 10  1 75 13  0  0
 1  0 5739160 514776  34280 23406520    4    0 710992    40 14354 77108  9  1 84  6  0  0
 1  0 5739092 504168  34280 23406856   72    0 1047620   768 19506 84978 10  1 77 11  0  0
 1  3 5739092 511292  34280 23407052    0    0 891544     4 17752 86748  9  1 82  7  0  0
 1  3 5739088 489396  34280 23407236    0    0 812184     0 15141 78130  9  1 82  8  0  0
 1  0 5739088 506140  34292 23407244    0    0 886968   180 16596 73457  8  1 82  9  0  0
 5  0 5739088 521300  34292 23407636    0    0 1063836     0 19614 82972 11  1 76 11  0  0
 1  1 5739084 520680  34296 23407644    4    0 271620   552 12099 29593 18  3 77  3  0  0
 1  0 5739084 4995716  34296 22240412    0    0 972908     0 17652 79694  9  2 80  9  0  0
 1  0 5739084 14030156  34296 2565068    0    0     0     0 4369 4029  0  5 95  0  0  0
