procs -----------memory---------- ---swap-- -----io---- -system-- -------cpu-------
 r  b   swpd   free   buff  cache   si   so    bi    bo   in   cs us sy id wa st gu
 3  0 5682812 25060172  78824 3231704  560  775 210106  1649 17866    8  4  1 92  4  0  0
 0  0 5682804 25057160  78824 3231752   16    0    20     8 2669 3182  1  0 99  0  0  0
 0  0 5682804 25051892  78832 3231876    0    0   124   188 2639 3671  0  1 99  0  0  0
 0  0 5682792 25038376  78848 3231876   12    0    12   120 2328 2923  0  0 99  0  0  0
 0  0 5682784 25052900  78848 3231884   12    0    12   184 2223 2797  0  0 99  0  0  0
 0  0 5682780 25076668  78848 3231884    0    0     0     8 1358 1635  1  0 99  0  0  0
 0  0 5682776 25054584  78848 3231884    0    0     0     8 2281 2889  0  1 99  0  0  0
 0  0 5682772 25060384  78880 3231984    4    0   100   216 3378 4722  1  1 99  0  0  0
 0  0 5682772 25063964  78904 3231972    0    0     0   128 1576 1766  0  0 99  0  0  0
 1  0 5682772 25064232  78904 3231968    0    0     0     0 4782 6358  1  1 98  0  0  0
 0  0 5682768 25047636  78904 3232064    4    0    96    52 2436 3333  1  1 99  0  0  0
 0  0 5682768 25017688  78904 3232060    0    0     0     8 1873 2478  1  1 99  0  0  0
 0  0 5682764 25021604  78904 3232060    0    0     0     0 2950 4413  1  1 99  0  0  0
 0  0 5682764 25028404  78912 3232064    0    0     0   188 2172 2853  0  0 99  0  0  0
 0  0 5682756 25040612  78912 3232064   12    0    12   360 1644 2376  0  0 99  0  0  0
 0  1 5682720 25040400  79008 3232104   32    0    52   632 2753 3425  1  1 98  0  0  0
 0  1 5682720 24278636  79032 3724312    0    0 484012   180 7105 9552  1  2 94  3  0  0
 0  1 5682720 23457012  79032 4496344    0    0 772032     0 9274 13981  1  1 94  4  0  0
 0  1 5682672 22705064  79032 5279880   48    0 783328     0 8948 13286  1  1 94  4  0  0
 1  0 5682668 21811412  79032 6053384   16    0 773884     0 10763 15983  1  1 94  4  0  0
 1  0 5682668 21263196  79032 6662300    0    0 608892    84 7239 10506  2  2 94  3  0  0
 1  1 5682652 19845516  79040 7318132   16    0 656020   176 10143 11682  1  4 93  3  0  0
 0  1 5682652 18306168  79040 8005736    0    0 687220     0 10498 13147  1  3 93  3  0  0
 1  0 5682652 16774444  79040 8632240    0    0 626636    12 7259 9968  1  2 94  3  0  0
 2  0 5682652 13137396  79040 12220144    0    0     0     0 120576 2789  1  6 93  0  0  0
 3  0 5682652 8586300  79040 16805060    0    0     0     4 365165 2354  0  9 91  0  0  0
 2  0 5682652 2557124  79048 22804172    0    0     0   160 2275 2185  0  5 94  0  0  0
 1  0 5682648 699708  79048 24501268    4    0     4     0 4044 4764  0  6 94  0  0  0
 1  0 5682648 1867452  79048 22857448    0    0    72     0 3771 3366  2  5 93  0  0  0
 1  4 5682648 1291012  79048 23096068    0    0 239164     0 66967 124573  1  2 77 21  0  0
 2  1 5682644 817540  79048 23362540    0    0 266176    48 72948 135547  1  2 77 20  0  0
 5  1 5683348 494844  76644 22665004    0  688 1228344   920 221651 14188  4  4 89  3  0  0
10  0 5683332 412880  76644 22665004    4    0 1310800     0 848181 6956  6  6 86  1  0  0
 1  0 5683432 528348  76136 22654008    0  100 653824   220 534416 4544  5  4 89  2  0  0
 2  2 5683432 486288  76140 22654024    0    0 967524     0 664177 5016  5  6 87  2  0  0
 2  0 5683432 480192  76140 22654124    0    0 1324368   320 841253 5177  6  6 86  2  0  0
 1  0 5683428 433276  76140 22654124    4    0 652920    36 683639 4422  5  6 88  1  0  0
 1  2 5683428 442740  76140 22654128    0    0 1539368     0 16520 7641  6  1 90  3  0  0
 2  1 5683428 433752  76148 22654128    0    0 1211416   184 12752 4844  6  1 91  2  0  0
 1  2 5683424 549084  76148 22527468    4    0 277836     4 7633 6556  5  2 93  1  0  0
 1  0 5683420 577648  76148 22527344    0    0 1375584    52 15712 7152  8  3 88  1  0  0
 1  0 5683416 573128  76148 22527348    4    0 1459580    20 14787 5718  7  1 90  1  0  0
 1  0 5683408 560524  76148 22527352    8    0 652972     0 9073 5583  5  2 93  1  0  0
 3  1 5683408 563900  76156 22527360    0    0 1546568   164 16680 7069  6  1 91  2  0  0
 1  0 5683396 560356  76156 22527356   12    0 847532     4 10830 4269  5  1 91  2  0  0
 1  0 5683396 554456  76156 22527364    0    0 934576     0 10715 4776  5  1 90  3  0  0
10  0 5683384 552912  76156 22527364   12    0 1473004   304 16509 7222  8  3 86  2  0  0
 1  0 5683384 556928  76156 22527364    0    0 1151592     0 12409 5182  6  2 91  1  0  0
 3  0 5683384 559448  76156 22527372    0    0 1000188     0 12804 6447  5  2 91  1  0  0
 1  0 5683384 569416  76164 22527376    0    0 1393904   116 16367 8349  6  1 91  2  0  0
 1  0 5683360 524720  76164 22527380   12    0 652976    52 8301 4624  5  1 93  1  0  0
 9  0 5683360 573164  76164 22527452    0    0 2150832    24 21870 8410  6  1 90  2  0  0
 2  1 5683356 578240  76164 22527452    0    0 2013684     4 20218 7375  6  1 89  4  0  0
 3  1 5683356 556772  76164 22527628    0    0 231548     0 4984 3801  4  1 94  0  0  0
 2  0 5683356 554464  76172 22527636    0    0 1903072   160 19025 6788  6  1 91  3  0  0
 1  0 5683352 565788  76172 22527640    4    0 2253176     0 22225 7973  6  1 90  3  0  0
 2  0 5683352 563832  76172 22527636    0    0 857820     8 9651 4354  5  2 93  1  0  0
 3  0 5683344 569732  76172 22527648    8    0 1209728     0 13587 6282  8  2 88  2  0  0
 9  0 5683344 568208  76172 22527652    0    0 1875860     8 21110 10665  9  4 85  3  0  0
 1  0 5683308 574852  76180 22528032   32    0 755812   140 10471 6610  5  2 93  1  0  0
 2  1 5683308 573484  76180 22528032    0    0 1119884    52 12531 5272  6  1 92  1  0  0
 1  0 5683308 572404  76180 22528036    0    0 1888540    20 19141 7428  6  1 90  3  0  0
 1  0 5683308 534956  76188 22528032    0    0     0   180 2477 2098  3  3 94  0  0  0
 1  2 5683308 572276  76188 22528048    0    0 1268544     0 14429 7077  6  2 90  2  0  0
 1  0 5683304 574876  76204 22528024    0    0 1663220   160 17380 6795  6  1 90  3  0  0
 1  0 5683304 489556  76204 22528024    0    0 1088200     0 11567 4637  5  2 93  1  0  0
 2 15 5683304 476976  76204 22528072    0    0 1168104   336 13600 10041  5  2 87  6  0  0
 0  5 5683304 478220  76204 22402204    0    0 2389252     4 32703 53985  9  2 48 41  0  0
 0  5 5683304 465528  76204 22402684    0    0 2878460     0 37125 55110 10  2 36 53  0  0
10  4 5683300 455268  76212 22403364    0    0 2142780   188 32016 72660  9  2 56 33  0  0
 0  4 5683296 442368  76212 22405140    4    0 1801172     0 28626 74141  9  2 67 23  0  0
 5 12 5683296 443808  76212 22406232    0    0 1926040    68 27786 79525 10  1 63 26  0  0
 5 16 5683292 445600  76212 22408080   32    0 1396020     0 22962 80237  9  1 74 15  0  0
 6  1 5683288 439548  76212 22409348    8    0 1886784     0 29113 83225 11  2 62 26  0  0
 1  0 5683276 434524  76220 22410836   12    0 1376936   136 22023 81834 10  1 74 15  0  0
 1  5 5683276 427592  76244 22412604    0    0 1151756   312 20389 78993  9  1 78 12  0  0
 1  0 5683272 427440  76244 22414216    0    0 1186664     8 20923 84088  9  1 77 12  0  0
 0  1 5683272 428916  76244 22415968    0    0 1168924     4 19220 75669  9  1 77 12  0  0
 5  0 5683224 430236  76244 22417496    0    0 1054016     0 19336 71831  9  1 79 11  0  0
 5  9 5683224 430292  76244 22418712    0    0 1076732   208 20283 73220  9  1 78 12  0  0
 1  0 5683200 432360  76252 22420392   20    0 1126128   136 18854 80819 10  1 78 11  0  0
 1  1 5683200 427868  76252 22421792    0    0 1210532     8 20570 86725 10  1 76 12  0  0
 3  5 5683200 431788  76252 22422964    0    0 1440980    16 24535 89392 11  2 72 16  0  0
 1  0 5683192 7687820  76252 20085060    8    0 777164     0 38656 50378  6  3 81 10  0  0
 2  0 5683192 7858044  76252 3888584    0    0     0     0 3583 3873  1  6 93  0  0  0
 1  0 5683192 24754252  76252 1578180    0    0     0     0 3002 2835  1  6 94  0  0  0
