procs -----------memory---------- ---swap-- -----io---- -system-- -------cpu-------
 r  b   swpd   free   buff  cache   si   so    bi    bo   in   cs us sy id wa st gu
 1  0 5703208 25355592  48620 3029796  559  772 212352  1645 17900    8  4  1 92  4  0  0
 0  0 5703184 25330008  48620 3029844   24    0    24    40 3158 4315  1  0 99  0  0  0
 0  0 5703184 25328092  48620 3029840    0    0     0     0 1527 1735  0  0 99  0  0  0
 0  0 5703184 25330008  48628 3029844    0    0     0   200 2675 3606  1  0 99  0  0  0
 2  0 5703184 25364132  48628 3029844    0    0     0   304 1606 2122  0  0 99  0  0  0
 0  0 5703184 25359528  48628 3029840    0    0     0     0 1504 1914  0  0 99  0  0  0
 0  0 5703184 25362308  48628 3029912    0    0    64     0 3738 5663  1  1 99  0  0  0
 0  0 5703184 25372112  48628 3029968    0    0    56     8 1978 2341  0  1 99  0  0  0
 0  0 5703184 25362620  48636 3029964    0    0     0   152 2508 3161  1  1 99  0  0  0
 2  0 5703184 25373812  48636 3029968    0    0     0     8 2398 3068  1  0 99  0  0  0
 0  0 5703180 25372296  48636 3029968    4    0     4     0 3721 5400  1  1 99  0  0  0
 0  0 5703180 25367240  48636 3029964    0    0     0    36 2681 3800  0  0 99  0  0  0
 0  0 5703180 25368552  48636 3029976    0    0     0     0 2574 3401  0  1 99  0  0  0
 0  0 5703180 25368728  48644 3029980    0    0     0   156 2094 2537  1  1 99  0  0  0
 0  0 5703180 25360660  48644 3029980    0    0     0   272 1522 1956  0  0 99  0  0  0
 0  1 5703172 25370264  48644 3029984    0    0     4     0 2264 2837  0  1 99  0  0  0
 0  1 5703172 24556228  48644 3531216    0    0 493164     0 7560 10045  1  2 94  3  0  0
 0  1 5703172 23772252  48644 4316024    0    0 784932     4 8402 12201  1  1 95  4  0  0
 0  1 5703172 22976204  48652 5112044    0    0 796040   180 9785 14385  1  1 94  4  0  0
 1  1 5703172 22178080  48652 5913340    0    0 801276     4 8858 12715  1  1 95  4  0  0
 1  1 5703168 21029564  48652 6617516    4    0 703792    12 13383 13133  1  5 91  3  0  0
 0  1 5703164 20041640  48652 7094156   16    0 476788    36 8419 11336  1  3 94  2  0  0
 1  0 5703164 18456908  48652 7787264    0    0 693108     0 8068 10909  1  2 95  3  0  0
 1  0 5703164 17206012  48660 8557700    0    0 770760   152 8253 11581  0  2 95  3  0  0
 2  0 5703164 14167676  48656 11208732    0    0    48     0 3104 3670  1  5 94  0  0  0
 2  0 5703164 9242524  48672 16095224    0    0     0   136 302447 2350  0  8 91  0  0  0
 2  0 5703164 5488384  48672 19814168    0    0     0   348 539448 3707  0 10 90  0  0  0
 2  0 5703164 337924  48672 24928692    0    0     0     0 134967 3060  0  6 93  0  0  0
 1  0 5703164 2044124  48672 23248668    0    0     0     8 3047 5058  1  5 94  0  0  0
 2  4 5703164 1099864  48672 23414564    0    0 106748     0 99776 55740  1  5 84 10  0  0
 1  4 5703160 542628  48680 23702056    4    0 287184   176 341181 150693  1  7 70 22  0  0
 1  0 5703156 533992  48680 23086060    4    0 128116    40 124513 68086  3  4 84 10  0  0
 1  0 5703200 308700  48680 22991080    0   44 1587600    44 15483 5752  5  1 92  2  0  0
 9  0 5705440 263888  48680 22991076    4 2204 1587604  2212 19822 7842  9  2 87  2  0  0
 1  0 5706936 304536  47424 22926636    0 1492    64  1492 11734 2451  4  3 93  0  0  0
 1  0 5706932 312664  47432 22926712   32    0 1638924   188 16065 5713  6  1 90  3  0  0
 1  0 5706932 295308  47432 22926712    0    0 1305880     0 15062 7695  6  1 92  2  0  0
 2  1 5707172 321188  45264 22884532    0  240 696236   248 10873 4069  5  2 93  1  0  0
 2  1 5707168 305508  45264 22884528    4    0 1338080    16 14235 6409  6  1 91  3  0  0
 2  0 5707168 309880  45264 22884532    0    0 961528     0 12381 6289  7  2 89  1  0  0
 1  0 5707168 304200  45272 22884532    0    0     0   168 4517 5331  3  3 94  0  0  0
 2  0 5707168 314904  45272 22884532    0    0 1408360    44 14867 6066  6  1 91  2  0  0
 1  0 5707168 297484  45272 22884532    0    0 1459576     0 16307 6968  6  1 91  2  0  0
 8  2 5707384 476780  44700 22758484    0  216 635560   224 9289 4010  4  2 91  2  0  0
 3  0 5707384 470700  44708 22758484    0    0 1124836   160 12494 4778  6  2 90  2  0  0
 1  0 5707384 458200  44708 22758496    0    0 1286668    12 14162 6326  7  2 89  1  0  0
 2  0 5707384 456216  44708 22758496    0    0 934576     0 10638 4433  5  2 93  1  0  0
 1  0 5707384 449268  44708 22758496    0    0 1689948     0 17801 7208  6  1 90  3  0  0
 1  0 5707384 444536  44708 22758500    0    0 934636     8 11381 5586  5  1 93  1  0  0
 1  2 5707384 444332  44716 22758516    0    0 1441132   424 14628 5223  5  1 92  2  0  0
 2  0 5707384 424128  44716 22758516    0    0 952960    12 14600 9323  9  3 87  1  0  0
 2  0 5707152 395392  44716 22758636  248    0 653332    44 9251 5060  7  3 90  1  0  0
 1  0 5707152 440228  44716 22758632    0    0 2150768     0 22750 9529  7  1 90  2  0  0
 2  1 5707140 441468  44716 22758632    0    0 1572952     8 15611 6104  6  1 90  4  0  0
 2  0 5707140 437768  44724 22758640    0    0 475512   160 7800 4476  4  2 94  0  0  0
 1  0 5707136 439916  44724 22758640    0    0 2099728     8 20407 7292  8  2 88  2  0  0
 1  0 5707136 442796  44724 22758708    0    0 2253244     0 21994 7791  8  2 88  2  0  0
 2  1 5707132 442212  44724 22758728    8    0 477568   300 8050 5642  5  2 93  1  0  0
 1  2 5707132 441676  44756 22758736    0    0 1578128   404 16100 6033  6  1 91  2  0  0
 1  0 5707132 418208  44756 22758732    0    0 1887712     0 18534 6451  6  1 91  2  0  0
 1  0 5707132 602784  44268 22632440    0    0 755396   120 11467 7174  5  2 92  1  0  0
 1  2 5707132 592104  44268 22632444    0    0 1841364    88 17928 6652  6  1 91  2  0  0
 1  0 5707132 560896  44268 22632440    0    0 1167060     0 13528 5993  6  1 92  1  0  0
 1  0 5707132 583688  44268 22632484    0    0 1088316     8 12494 5579  5  2 92  1  0  0
10  0 5707132 581192  44268 22632484    0    0 1579296     0 15848 5869  8  2 87  3  0  0
 1  0 5707128 517296  44276 22632480    4    0 1352396   152 13618 5251  7  3 89  1  0  0
 1  0 5707128 536336  44276 22632484    0    0 934636    12 10931 5322  5  2 92  1  0  0
 6 11 5707128 355780  44276 22633200    0    0 2176664     0 29867 48706  8  2 52 38  0  0
 0 11 5707164 511144  43752 22507388    8   44 2587816    52 34290 53872  8  2 40 49  0  0
 1 12 5707160 476084  43752 22508108    4    0 2353940     0 33180 64390  9  2 48 41  0  0
 1  3 5707160 458404  43760 22509436    0    0 1913844   128 29613 76735  9  2 63 27  0  0
 1  0 5707132 455348  43760 22510732   12    0 1749968    48 26036 78577  9  1 66 24  0  0
 5  0 5707132 447804  43760 22511956    0    0 1612884     8 26377 79746  9  1 68 21  0  0
 5 15 5707132 448364  43784 22513648    0    0 1733608   184 26072 81167 10  1 65 24  0  0
 1  0 5707132 438716  43784 22515112    0    0 1544552     0 24280 83814  9  1 70 19  0  0
 2  6 5707124 433644  43784 22516968    0    0 1129696     0 20053 78243  9  1 78 12  0  0
 7  0 5707124 427744  43784 22517948    0    0 739572    24 15345 51939 14  2 77  7  0  0
 1  0 5707124 438824  43920 22519184    0    0 830900     0 16797 57195 13  2 76  9  0  0
 1  0 5707124 440272  43928 22520744    0    0 1183456   160 20581 78635  9  1 77 13  0  0
 1  0 5707124 447984  43928 22522316    0    0 1039036     0 17565 68756  8  1 79 12  0  0
 0  3 5707124 432416  43928 22523532    0    0 1109604     4 19840 73663  9  1 77 13  0  0
 3  0 5707124 420672  43928 22524472    0    0 693184    80 15017 51935 13  2 78  8  0  0
 1  0 5707124 430032  43928 22525396    0    0 771680     4 16836 55062 13  2 76 10  0  0
 1 10 5707124 442568  43936 22526996    0    0 1307204   172 21411 89391 10  1 74 15  0  0
 0  6 5707124 437752  43936 22528064    0    0 1234592     0 21650 86493 10  1 76 13  0  0
 1  0 5707124 7901480  43936 14144644    0    0 512032   236 10876 29211  4  4 85  7  0  0
 1  0 5707124 14688500  43968 1687820    0    0     0   168 3139 2384  0  5 94  0  0  0
