procs -----------memory---------- ---swap-- -----io---- -system-- -------cpu-------
 r  b   swpd   free   buff  cache   si   so    bi    bo   in   cs us sy id wa st gu
 2  0 5733768 25531404  41028 2914084  559  774 211230  1647 17882    8  4  1 92  4  0  0
 0  0 5733768 25507244  41028 2914124    0    0     0   688 1774 2008  1  0 99  0  0  0
 0  0 5733768 25521868  41028 2914120    0    0     0     0 2144 2765  0  0 99  0  0  0
 1  0 5733768 25521304  41060 2914196    0    0    88   328 3293 4605  1  0 99  0  0  0
 1  0 5733764 25518056  41060 2914196    0    0     0     0 1744 1984  0  0 99  0  0  0
 1  0 5733760 25536324  41060 2914204    4    0    12     0 2090 2628  1  0 99  0  0  0
 1  0 5733760 25548460  41060 2914204    0    0     0    20 2345 3294  1  1 99  0  0  0
 1  0 5733760 25530696  41060 2914200    0    0     0     0 2047 2689  0  1 99  0  0  0
 1  0 5733760 25533328  41068 2914324    0    0   116   116 5165 7141  1  1 98  0  0  0
 1  0 5733760 25536816  41068 2914372    0    0    48     0 2303 3088  1  0 99  0  0  0
 1  0 5733760 25539176  41068 2914368    0    0     0    28 1504 2025  1  0 99  0  0  0
 1  0 5733760 25551504  41068 2914376    0    0     0    36 2256 3169  1  1 99  0  0  0
 0  0 5733756 25550760  41068 2914376    0    0     0     0 2141 2808  0  1 99  0  0  0
 1  1 5733756 25548904  41072 2914368    0    0     0   132 2413 3387  0  1 99  0  0  0
 0  0 5733756 25528432  41076 2914376    0    0     0     4 2544 3333  1  1 99  0  0  0
 0  0 5733756 25516668  41076 2914376    0    0     8     0 2356 2911  0  1 99  0  0  0
 1  0 5733756 24708584  41076 3405328    0    0 482752    36 6353 8803  1  2 95  2  0  0
 1  0 5733756 23919504  41076 4195332    0    0 790128     0 8875 12896  1  1 94  4  0  0
 1  0 5733756 23160976  41076 4976288    0    0 780828     0 12041 17934  1  1 94  4  0  0
 1  0 5733596 22352180  41084 5771288  168    0 795172   168 8880 12756  1  1 94  4  0  0
 2  0 5733568 21483008  41112 6416144   60    0 644892   180 11534 12075  1  4 92  3  0  0
 0  1 5733560 20072732  41112 6991708    8    0 575700    24 8855 10192  1  4 93  2  0  0
 0  1 5733552 18533552  41120 7679064    8    0 687228   116 7427 10403  1  2 95  3  0  0
 0  1 5733544 17380564  41120 8265756    8    0 586576   264 8854 12104  1  2 94  3  0  0
 2  0 5733544 13985800  41120 11433492    0    0 157724     0 38583 5060  1  5 94  1  0  0
 2  0 5733544 8948976  41120 16458276    0    0     0     0 272942 1840  0  8 92  0  0  0
 2  0 5733544 4627576  41120 20760656    0    0     0    28 407691 2944  0  9 91  0  0  0
 2  0 5733540 535292  41124 25032656    0    0     4   236 46348 2581  0  6 94  0  0  0
 1  0 5733540 1926800  41124 23342988    0    0    56     4 5475 6800  1  5 94  0  0  0
 1  4 5733540 1119804  41124 23377696    0    0 161988    28 45880 83791  1  2 82 15  0  0
 1  4 5733540 644736  41124 23668444    0    0 290724     4 79444 148029  1  2 75 23  0  0
 1  1 5733536 636208  41124 22852120    0    0 287016     8 32667 36960  3  2 89  6  0  0
13  0 5733528 560736  41132 22852124    0    0 1549704   200 15878 6635  5  1 91  2  0  0
 2  0 5733528 431048  41148 22852128    0    0 1406308   588 17281 9516  8  4 86  1  0  0
 1  0 5733488 395732  41148 22852124   56    0 934692     0 10896 6562  5  2 92  1  0  0
 1  2 5733460 388700  41184 22853020   48    0 1159512  1176 12546 5273  6  1 91  3  0  0
 1  0 5733448 327188  41208 22853136   16    0 850724   244 11091 6723  5  1 92  2  0  0
 2  1 5733448 358568  41208 22853132    0    0 999148     0 10628 4208  5  1 92  2  0  0
 1  0 5733444 370784  41208 22853132    4    0 1343732     0 18102 10670  6  1 90  3  0  0
 1  0 5733444 365080  41208 22853140    0    0 652964    32 8813 4337  5  2 93  1  0  0
 1  0 5733420 363480  41208 22853140   16    0 1408376     0 14313 5418  6  1 91  2  0  0
 1  0 5733420 366684  41216 22853240    0    0 1459676   152 15650 6871  6  1 91  2  0  0
 1  0 5733420 357744  41216 22853324    0    0 653048     0 8698 4401  5  2 93  1  0  0
 1  0 5733420 370040  41216 22853320    0    0 1689968     0 17804 7820  6  1 91  2  0  0
 1  0 5733420 368096  41232 22853304    0    0 704120   164 8914 4456  5  1 93  1  0  0
 4  1 5733420 363992  41232 22853308    0    0 961204     0 10896 4655  5  1 92  1  0  0
 1  0 5733420 361604  41232 22853304    0    0 1663320     8 17593 7088  9  3 86  2  0  0
 1  0 5733420 363340  41232 22853308    0    0 934636    12 10918 4822  5  1 91  3  0  0
 1  2 5733420 362824  41232 22853340    0    0 1408356     0 17268 9984  6  1 91  2  0  0
 1  2 5733420 361980  41240 22853328    0    0 1116840   180 12477 5208  6  1 91  3  0  0
 1  0 5733420 332808  41240 22853328    0    0 521860     0 7353 3658  4  2 94  0  0  0
 7  0 5733420 366124  41240 22853332    0    0 2150768    20 22417 9185  7  1 89  3  0  0
 3  1 5733416 368564  41240 22853332   32    0 1507448    32 14947 5923  8  3 88  1  0  0
 1  0 5733416 367872  41240 22853328    0    0 541048     0 7364 3669  5  2 93  0  0  0
 1  0 5733416 371992  41240 22853328    0    0 2099728     0 22069 9714  6  1 90  3  0  0
10  1 5733412 378168  41248 22853328    0    0 1956212   164 18685 6494  6  1 89  4  0  0
 1  0 5733412 372436  41248 22853328    0    0 1154780     8 13137 5875  5  2 92  2  0  0
 5  0 5733412 344760  41248 22853332    0    0 1390572    40 14561 5701  6  1 90  2  0  0
 1  0 5733412 352136  41248 22853336    0    0 1695008   344 18999 9318  9  3 86  2  0  0
 9  0 5733404 374992  41248 22853336    8    0 755404    40 10273 6161  5  2 93  1  0  0
 2  1 5733400 376620  41256 22853520    4    0 1661328   184 16745 6654  6  1 91  2  0  0
 2  0 5733400 373900  41256 22853524    0    0 1347288     8 13826 5369  6  1 92  2  0  0
 5  0 5733400 376040  41256 22853524    0    0 1088276    24 12231 5404  5  1 92  2  0  0
 1  0 5733400 368412  41256 22853520    0    0 1843488     0 18679 7316  6  1 91  2  0  0
 1  0 5733392 376068  41256 22853524    8    0 1088208   400 14541 8832 10  4 85  1  0  0
 1  0 5733388 348224  41264 22853524    0    0 934636   164 10840 4708  5  2 92  2  0  0
 1  0 5733388 335788  41264 22727240    0    0 1848792     8 25369 40042  7  2 59 32  0  0
 0 16 5733388 313728  41264 22727872    0    0 2697004    24 34672 55967  9  2 40 49  0  0
 0  8 5733388 427032  41260 22601748    0    0 2448916     0 37517 66775  9  2 48 42  0  0
 1  1 5733388 412492  41260 22603216    0    0 1974324    36 30429 77922 10  2 62 27  0  0
 1  0 5733388 398124  41268 22604592    0    0 1758340   176 25913 78944  9  1 66 23  0  0
 1  0 5733388 401280  41268 22606172    0    0 1667936     8 26207 80441  9  1 68 21  0  0
 2  7 5733328 392348  41268 22607696   72    0 1738932     0 26813 82147 10  2 65 24  0  0
 1  0 5733312 386432  41268 22609152    4    0 1539336     0 24062 82917 10  1 70 18  0  0
 2  9 5733308 370444  41268 22611000    4    0 1101640     0 21000 78760  9  2 78 12  0  0
 2  0 5733308 369516  41276 22612604    0    0 1279288   124 22144 86894  9  1 76 13  0  0
 5  0 5733308 371168  41276 22614160    0    0 1336792     8 21775 82886  9  1 75 15  0  0
 6  0 5733300 364760  41276 22616100    8    0 903296     0 17177 68380  8  1 81  9  0  0
 0  2 5733300 356752  41276 22617300    0    0 1091020     4 21128 74064  9  1 78 12  0  0
 1  0 5733300 368512  41276 22618716    0    0 1091192    40 19948 80680  9  1 78 12  0  0
 0  3 5733300 375764  41284 22620232    0    0 1281460   152 21232 87019  9  1 75 14  0  0
 1  0 5733300 375244  41284 22621620    0    0 1337240     8 23320 89390 11  2 72 16  0  0
 1  0 5733300 5491572  41292 21454776    0    0 1128864   104 18305 71000  9  2 77 13  0  0
 1  0 5733300 14664352  41292 1782000    0    0    52    48 3845 3425  0  5 94  0  0  0
