procs -----------memory---------- ---swap-- -----io---- -system-- -------cpu-------
 r  b   swpd   free   buff  cache   si   so    bi    bo   in   cs us sy id wa st gu
 2  0 5698772 25621500  77984 2649272  560  775 209914  1650 17864    8  4  1 92  4  0  0
 0  0 5698772 25617568  77988 2649364    0    0    68    32 2900 3444  1  0 99  0  0  0
 0  0 5698768 25631920  77996 2649360    0    0     0   192 2520 3402  0  0 99  0  0  0
 0  0 5698768 25645604  77996 2649364    0    0     0    16 3058 4932  2  0 98  0  0  0
 0  0 5698764 25659876  77996 2649364    0    0     0     0 1859 2086  0  0 99  0  0  0
 0  0 5698764 25648732  77996 2649360    0    0     0     4 1375 1642  0  0 99  0  0  0
 0  0 5698764 25671688  77996 2649368    0    0     0     0 2572 3565  1  1 99  0  0  0
 0  0 5698764 25658180  78004 2649368    0    0     0   136 3320 4361  1  1 99  0  0  0
 0  0 5698548 25633992  78004 2649364   84    0    84     0 1937 3822  2  1 98  0  0  0
 1  0 5698548 25633244  78004 2649368    0    0     0   324 2541 3429  0  1 99  0  0  0
 1  0 5698548 25627952  78004 2649440    0    0    72     8 3721 5296  1  1 99  0  0  0
 0  0 5698548 25647416  78004 2649440    0    0     0    44 1765 2122  0  1 99  0  0  0
 0  1 5698548 25654132  78020 2649436    0    0     0   272 3710 4929  1  1 98  0  0  0
 0  0 5698528 25637572  78036 2649444   16    0    16    44 2425 2774  0  1 99  0  0  0
 0  0 5698528 25633428  78044 2649448    0    0     0   256 1504 1889  0  0 99  0  0  0
 0  1 5698528 25665240  78048 2649444    0    0     4     4 2635 3516  0  1 99  0  0  0
 1  0 5698528 24875368  78048 3151968    0    0 494380     0 6702 8835  1  2 94  3  0  0
 0  1 5698528 24065104  78048 3938236    0    0 786328     8 9550 13760  1  1 94  4  0  0
 0  1 5698528 23239392  78048 4745348    0    0 806980   236 9770 14331  1  1 94  4  0  0
 0  1 5698528 22426276  78056 5558616    0    0 813268   204 9639 13912  1  1 94  4  0  0
 0  1 5698528 21248568  78056 6286776    0    0 728032     0 9580 13546  1  2 94  3  0  0
 0  1 5692248 20306280  78092 6749752 7508    0 470504   116 13036 11749  1  6 90  3  0  0
 0  1 5692244 18722960  78092 7437996    8    0 688636     8 8888 12369  1  2 94  3  0  0
 2  0 5692244 17374664  78092 8177576    0    0 739400     0 8288 11689  1  2 94  3  0  0
 1  0 5692228 16197868  78092 9082816   12    0 474576     8 7097 9444  1  3 94  2  0  0
 2  0 5692228 11233644  78092 13894236    0    0     4     0 310507 2324  0  8 92  0  0  0
 2  0 5692168 5540260  78148 19567152   36    0    36   344 76828 2153  1  6 93  0  0  0
 1  0 5691896 474328  78376 24640036  264    0   476  1164 4536 5191  1  5 94  0  0  0
 1  0 5691896 1912716  78376 23279416    0    0     0     4 2993 3589  1  5 94  0  0  0
 1 16 5691896 1030340  78376 23101024    0    0 986864    20 188511 13977  2  5 74 19  0  0
 3 14 5691896 934624  78376 23101136    0    0 2588996     8 450499 29151  3  7 26 65  0  0
 0 16 5689500 881872  78472 23101468 2496    0 1957176   624 243334 23417  2  5 22 71  0  0
 0 16 5684000 860676  78472 23101664 6156    0 2009584     8 26669 20340  2  1 25 72  0  0
 1 15 5684000 827060  78472 23101668    0    0 2095336     0 26542 20010  2  1 29 68  0  0
 0 16 5683996 808020  78472 23101668    0    0 3699656     0 42219 25660  3  2 31 64  0  0
 0 16 5683996 792684  78472 23101664    0    0 3543316    36 40582 23939  3  2 29 65  0  0
 1 11 5683996 591760  78480 23102080    0    0 2054752   292 27822 47582  9  2 55 34  0  0
 1 16 5683996 589540  78480 23103252    0    0 1753192    12 27376 87017 13  2 60 26  0  0
 1  9 5683992 619776  78480 23103848    0    0 1823824     0 26529 70887  9  1 61 29  0  0
 0  0 5683992 620320  78480 23104228    0    0 1596440     0 24647 66169  7  2 70 22  0  0
 3  1 5683992 603804  78480 23105660    0    0 1512044   320 25461 76883  8  2 69 21  0  0
 1  0 5683992 601532  78568 23106912    0    0 1728372   612 26092 78394  9  1 63 27  0  0
 8  3 5683980 604832  78568 23107836   12    0 1706272     8 27647 84067  9  2 66 23  0  0
 0  7 5683980 590984  78568 23109468    0    0 1443264     0 23365 78698  8  1 72 18  0  0
 2  0 5683968 594308  78568 23110836    0    0 1455232    44 22354 75370  8  2 70 20  0  0
 1  0 5683968 603328  78568 23112480    0    0 1306972     0 22148 85739  9  1 75 15  0  0
 1  0 5683968 602276  78576 23114504    0    0 1055200   276 18618 70283  7  2 80 11  0  0
 5  0 5683964 625316  78576 23116192    4    0 1193112    16 20683 71786  8  1 75 15  0  0
 5  3 5683964 619096  78576 23117912    0    0 907868     0 18299 76531  8  1 81  9  0  0
 5  0 5683948 610872  78576 23119612   20    0 1011344   576 18958 76824  9  1 80 10  0  0
 0  5 5683948 634380  78576 23121452    0    0 735332    24 16747 70423  9  1 83  7  0  0
 1  0 5683948 620932  78584 23123628    0    0 841936   184 16697 70373  8  1 82  9  0  0
 1  2 5683948 604552  78584 23124796    0    0 1043044     8 19165 74399  9  1 78 11  0  0
 0 16 5683944 586860  78584 23126048    0    0 1179852     0 19575 76025  9  1 75 14  0  0
 2  3 5683932 611520  78584 23127272   12    0 1264648     0 21786 79197  9  2 73 16  0  0
 3  3 5683932 613660  78584 23128204    0    0 1289800    12 21192 81053  8  1 75 15  0  0
 5  3 5683932 615884  78592 23129256    0    0 1139356   176 19311 76351  8  1 78 13  0  0
 1  0 5683868 602400  78592 23130740   56    0 1339368     8 23246 78775  8  2 73 17  0  0
 2  3 5683868 595188  78592 23132240    0    0 938380     0 17862 71996  8  2 81 10  0  0
 2  0 5683868 581336  78592 23133616    0    0 1163008     0 19481 81031  9  1 79 11  0  0
 1  0 5683864 610792  78592 23134716    4    0 1293788    40 23009 81618  8  1 76 15  0  0
 2  0 5683856 615808  78600 23136212    8    0 1147088   176 19046 69717  8  1 78 13  0  0
 1  1 5683844 621568  78600 23137576    8    0 991292     8 19393 79102  9  1 80 10  0  0
 1  0 5683844 621304  78600 23139732    0    0 1041904     0 19580 74644  8  1 79 12  0  0
 1  0 5683840 6979424  78600 20801588    0    0 515448     0 11698 35392  4  3 87  5  0  0
 1  0 5683840 7137468  78600 15324840    0    0     0   116 2594 1945  1  6 93  0  0  0
