procs -----------memory---------- ---swap-- -----io---- -system-- -------cpu-------
 r  b   swpd   free   buff  cache   si   so    bi    bo   in   cs us sy id wa st gu
 2  0 5736156 24672756  28360 3782304  559  774 211041  1648 17878    8  4  1 92  4  0  0
 0  0 5736156 24636416  28384 3782328    0    0     0   212 2006 2469  0  0 99  0  0  0
 0  0 5736152 24641504  28384 3782324    0    0     0    24 1948 2581  1  0 99  0  0  0
 0  0 5736152 24675452  28384 3782328    0    0     0     0 2310 3427  1  0 99  0  0  0
 0  0 5736144 24644928  28384 3782328   28    0    28   284 1604 2509  0  0 99  0  0  0
 2  0 5736144 24653148  28384 3782336    0    0     4     8 3279 4680  1  1 99  0  0  0
 0  0 5736136 24641864  28392 3782332    8    0     8   172 2621 3374  1  1 99  0  0  0
 0  0 5736136 24649588  28392 3782412    0    0    76     0 1882 2214  0  1 99  0  0  0
 1  0 5736136 24644796  28392 3782408    0    0     0    24 3817 5553  1  1 99  0  0  0
 0  0 5736136 24652840  28392 3782412    0    0     0    44 2295 2937  0  0 99  0  0  0
 0  0 5736136 24649140  28392 3782416    0    0     0     8 2698 3416  0  1 99  0  0  0
 0  0 5736136 24688136  28400 3782412    0    0     0   176 2081 2785  1  0 99  0  0  0
 0  0 5736132 24698516  28400 3782636    4    0   160     4 2465 3276  0  1 99  0  0  0
 0  0 5736132 24681344  28424 3782628    0    0     0   296 1862 2182  1  0 99  0  0  0
 0  0 5736132 24678128  28424 3782628    0    0     0     0 1927 2401  0  1 99  0  0  0
 0  1 5736128 24662992  28424 3782760    4    0   240     8 4204 5487  1  1 98  0  0  0
 1  0 5736128 23966744  28424 4207192    0    0 416136     0 6227 7952  1  2 95  2  0  0
 0  1 5736128 23171920  28424 4954012    0    0 746820     0 8571 12469  1  1 94  4  0  0
 0  1 5736124 22440248  28432 5678240    4    0 724228   184 10641 15172  1  1 94  4  0  0
 2  0 5736052 21377020  28432 6323440   84    0 645412    44 7477 10490  1  2 94  3  0  0
 0  1 5736052 20513180  28432 6731616    0    0 408048     8 7001 9096  1  3 94  2  0  0
 1  0 5736052 18996120  28432 7447704    0    0 716204     0 8250 11746  1  2 95  3  0  0
 1  0 5736048 17812740  28648 8236960    0    0 788988   988 8983 11888  1  2 94  4  0  0
 1  0 5735860 15735184  28984 9852420  184    0 130033   860 4997 6051  2  4 93  1  0  0
 2  0 5735856 11173460  29224 14396944    4    0     8  1384 393070 3425  0  9 90  0  0  0
 3  0 5735856 5466516  29464 20046660    0    0   140  1172 87909 3400  0  6 93  0  0  0
 1  0 5735856 1401692  29704 24199164    0    0   120  1176 4031 4535  0  6 94  1  0  0
 1  0 5735856 1977940  29952 23352272    0    0     0  1480 3945 4673  1  5 93  1  0  0
 1 15 5735856 1233548  30208 23022376    0    0 1525544  1264 23134 20983  2  3 65 29  0  0
 3 14 5735852 1324900  30464 22891468    4    0 2340608  1236 174299 23578  3  4 28 66  0  0
 2 15 5735852 1281988  30704 22891468    0    0 1934704  1128 376704 21571  3  6 24 67  0  0
 1 16 5735848 1278848  30960 22891476    4    0 1949752  1272 351838 20311  2  7 23 69  0  0
 2 15 5735844 1249756  31208 22891484    4    0 2292656  1124 379343 21060  3  7 23 68  0  0
 0 16 5735844 1234872  31448 22891488    0    0 3648516  1212 375038 25903  4  5 26 65  0  0
 0 16 5735840 1240840  31688 22891492   12    0 3391300  1096 39122 23725  3  2 30 65  0  0
 1  0 5735836 1040028  31928 22892324    4    0 1919764  1204 26678 52266 10  2 56 32  0  0
 0 16 5735812 1021828  32168 22893608   24    0 1820908  1404 29985 88091 12  2 57 28  0  0
 5  0 5735812 1002452  32432 22894860    0    0 1791408  1252 26318 69003  8  2 62 28  0  0
 1  9 5735812 1020844  32696 22896516    0    0 1613080  1288 26440 71418  7  2 70 21  0  0
 0  5 5735808 1011976  33056 22898424    4    0 1525176  1316 25175 75505  9  2 68 21  0  0
 2  0 5735496 1013576  33304 22903560  328    0 1779284  1208 27267 80560  9  2 62 27  0  0
 1  0 5735488 1012148  33560 22904920   16    0 1681156  1220 27067 85702  9  1 67 23  0  0
 1 15 5735480 1034944  33800 22906324    0    0 1479848  1212 23622 79652  8  1 72 19  0  0
 2 15 5735480 1038844  34056 22908000    0    0 1505720  1196 23448 78216  9  2 70 20  0  0
 1  6 5735472 1030844  34296 22909708   12    0 1202096  1192 21385 85308  9  1 77 13  0  0
 1  0 5735444 1021248  34632 22911912   44    0 1127852  1796 20312 75541  8  2 79 12  0  0
 1  0 5735444 1011796  34896 22913520    0    0 1117484  1300 21063 72564  8  1 76 14  0  0
 2  2 5735440 999160  35136 22914764    0    0 924680  1176 17299 76318  8  1 81 10  0  0
 5  1 5735436 997116  35376 22917520    4    0 1020268  1196 20487 78717  9  1 79 11  0  0
 2  0 5735436 1031960  35616 22919596    0    0 732812  1128 14979 69673  8  1 84  6  0  0
 0  9 5735436 1040400  35864 22921040    0    0 842932  1056 16564 69429  9  1 81  9  0  0
 1  0 5735436 1024928  36112 22922748    0    0 1094164  1048 21425 79908  9  1 77 12  0  0
 0  4 5735432 1025052  36352 22923488    4    0 1318332  1012 21261 76241  9  1 73 17  0  0
 1  8 5735432 1013588  36592 22924612    0    0 1359924   976 21875 82906  9  1 73 17  0  0
 0  6 5735364 1029632  36848 22925996   48    0 1179856  1932 20704 81013  9  1 77 13  0  0
 0  7 5735360 1018056  37096 22927084    0    0 1226828  1420 20589 79383  8  2 77 13  0  0
 1  4 5735360 1019496  37352 22928524    0    0 1181804  1048 20903 75196  9  1 76 14  0  0
 3  2 5735352 999356  37600 22930228    0    0 1005148  1068 18492 77308  8  1 80 11  0  0
 7  5 5735352 1002360  37840 22931520    0    0 1262948   988 22730 84326  9  1 77 13  0  0
 0  6 5735344 973560  38080 22932752    4    0 1198024  1096 21640 74535  8  1 77 14  0  0
 1  0 5735340 972564  38320 22933940   12    0 1162148  1028 20381 72305  8  1 76 14  0  0
 1  0 5735336 969676  38576 22935448    4    0 960928  1064 19065 81423  9  1 80 10  0  0
 5  0 5735328 962452  38824 22937420   36    0 1051748  1020 18605 70054  8  1 79 12  0  0
 2  0 5735324 7504552  39088 6263628    4    0 182292  1096 7202 17333  2  4 92  2  0  0
