procs -----------memory---------- ---swap-- -----io---- -system-- -------cpu-------
 r  b   swpd   free   buff  cache   si   so    bi    bo   in   cs us sy id wa st gu
 2  0 5715780 24951448  47948 3457312  559  773 212162  1646 17892    8  4  1 92  4  0  0
 0  0 5715780 24949920  47948 3457344    0    0     0     4 2812 3513  1  0 99  0  0  0
 0  0 5715780 24937960  47948 3457340    0    0     0     0 1739 2174  0  0 99  0  0  0
 0  0 5715780 24932300  47948 3457340    0    0     0     8 1626 2061  1  0 99  0  0  0
 0  0 5715768 24939984  47956 3457344    8    0     8   160 3695 5197  1  1 99  0  0  0
 0  0 5715760 24908608  47956 3457344    8    0     8     4 1761 2342  1  0 99  0  0  0
 0  0 5715760 24930068  47956 3457340    0    0     0    68 2041 2308  1  1 99  0  0  0
 0  0 5715760 24942124  47956 3457344    0    0     0     0 2794 3592  1  1 99  0  0  0
 0  0 5715712 24941424  47996 3457352   52    0    52   924 1915 2755  0  0 99  0  0  0
 0  0 5715712 24939404  47996 3457352    0    0     0     0 2698 3445  0  1 99  0  0  0
 0  0 5715708 24945428  47996 3457352    4    0     4     0 4885 6195  1  1 99  0  0  0
 0  0 5715708 24922656  47996 3457376    0    0   120    28 1683 2189  0  0 99  0  0  0
 0  0 5715708 24912204  47996 3457500    0    0     0     0 1450 2147  1  0 99  0  0  0
 0  0 5715708 24882904  48004 3457500    0    0     4   348 2775 3787  1  1 99  0  0  0
 0  0 5715344 24921968  48004 3457504  384    0   384     0 2733 3868  1  1 99  0  0  0
 2  0 5715340 24897860  48004 3457592    4    0    92     4 1284 1627  0  0 99  0  0  0
 0  1 5715340 24187764  48004 3926980    0    0 461444   152 7953 10579  1  2 94  2  0  0
 0  1 5715332 23374040  48004 4710364   24    0 782896     4 8905 12585  1  1 94  4  0  0
 0  1 5715328 22650884  48012 5442512    4    0 732280   156 8087 12228  1  1 94  4  0  0
 0  1 5715328 21518004  48012 6147372    0    0 705120     4 9699 14070  1  2 94  3  0  0
 1  0 5715328 20558568  48012 6652888    0    0 505388     0 7814 11034  1  2 94  2  0  0
 1  0 5715328 19390800  48012 7523032    0    0 870388    44 11626 13076  0  3 93  4  0  0
 0  1 5715328 17944340  48012 8247248    0    0 723968     0 9338 12562  1  2 94  3  0  0
 1  0 5715320 16048016  48020 9539404    8    0 85552   148 3386 3934  1  4 94  0  0  0
 2  0 5715308 11272588  48020 14142724    4    0     4    12 347047 3728  0  9 91  0  0  0
 1  0 5715308 5697632  48020 19702760    0    0     0     0 92849 3062  0  6 93  0  0  0
 1  0 5715308 639780  48020 24918304    0    0     0     0 2481 2095  0  5 94  0  0  0
 1  0 5715272 1855652  48020 23447508   40    0    40    20 2636 2523  1  5 94  0  0  0
 1 15 5715272 897264  48028 23288924    0    0 1348612   156 20451 17834  2  3 69 25  0  0
 1 15 5715264 841448  48028 23288924    8    0 2431880     0 30871 24643  3  2 30 65  0  0
 1 15 5715264 810564  48028 23288920    0    0 1958448   364 26900 22697  2  1 29 67  0  0
 1 15 5715264 813400  48044 23288980    0    0 2212044   200 27616 19906  2  2 29 68  0  0
10  6 5715264 794632  48044 23288980    0    0 2370140   104 28339 18846  2  2 29 67  0  0
 0 16 5715264 792676  48044 23288996    0    0 3679844     8 41665 23775  3  2 31 64  0  0
 0 16 5715260 813672  48044 23289004    0    0 3419172     0 40884 27737  3  2 31 63  0  0
 6  0 5715260 599880  48044 23289612    0    0 1582612     0 1277567 48990 12  6 56 26  0  0
 3  0 5715260 583288  48052 23290572    0    0 1717048   180 1478250 80603 15  7 52 26  0  0
 1  0 5715260 581020  48052 23291164    0    0 1794140    20 934135 71412 10  6 57 27  0  0
 1  6 5715260 588604  48052 23291868    0    0 1611220     8 23911 64700  7  2 70 21  0  0
 0  6 5715260 578516  48052 23293276    0    0 1535924     0 24165 74457  8  2 70 20  0  0
 3  9 5715260 560188  48052 23294476    0    0 1785816     8 29346 84868  9  2 63 26  0  0
 5  3 5715260 555364  48060 23295628    0    0 1697176   176 25250 81366  9  1 67 22  0  0
 1  0 5715260 560760  48060 23297136    0    0 1461120    12 22406 76583  8  1 73 18  0  0
 1  0 5715256 571640  48060 23298572    4    0 1526368     8 24728 79850  9  1 70 19  0  0
 1  0 5715252 578096  48060 23301092    0    0 1217628   240 21200 83914  9  1 77 13  0  0
 1  6 5715252 572940  48060 23302960    0    0 1096848     0 18473 69894  8  1 80 12  0  0
 5  0 5715160 566944  48156 23304664  104    0 1141592   560 20422 72356  8  1 77 14  0  0
 1  3 5715160 562312  48156 23306512    0    0 946680    24 17963 76642  9  1 81  9  0  0
 1  0 5715152 564596  48156 23308012    8    0 998356     8 17699 73319  8  1 80 10  0  0
 6  8 5715140 585096  48156 23308876   16    0 299736     0 13584 32074 15  3 80  3  0  0
 1  0 5715140 591848  48156 23310732    0    0 681432     4 16111 65928 10  1 83  6  0  0
 1  0 5714928 609708  48268 23312412  232    0 877772   796 16959 68070  9  1 80 10  0  0
 1  0 5714924 589280  48272 23314108    0    0 1101616     0 19724 76998  9  1 79 11  0  0
 1  0 5714920 609172  48280 23315168    4    0 1308000   168 21171 78434  9  1 74 16  0  0
 2  0 5714920 591364  48280 23316016    0    0 1420952     0 23272 81352  9  1 72 18  0  0
 1  0 5714920 588024  48280 23317416    0    0 1123564     0 20090 79872  9  1 79 11  0  0
 0  2 5705076 582700  48336 23317596 12088    0 1372284   276 24492 81750  8  1 73 17  0  0
 1 12 5704148 574716  48336 23319556 1168    0 1022084     4 18223 68796  8  1 81 10  0  0
 0  4 5704148 556484  48336 23320760    0    0 1091592     8 20289 81245  9  2 79 11  0  0
 2  0 5704148 535788  48336 23322220    0    0 1317768     0 22056 80957  9  1 77 14  0  0
 1  0 5704148 544948  48336 23323716    0    0 1160220     8 21374 73472  8  1 79 12  0  0
 0  3 5704148 529440  48344 23324684    0    0 1167156   884 20975 78218  8  1 78 12  0  0
 1  0 5704144 518900  48344 23326852    4    0 930232     8 17659 75557  9  1 81  8  0  0
 2  0 5704144 4965132  48344 22160316    0    0 951344     8 16290 61962  7  2 81 10  0  0
 1  0 5704140 14149164  48344 2487568    0    0     0     0 4962 4566  0  5 94  0  0  0
