procs -----------memory---------- ---swap-- -----io---- -system-- -------cpu-------
 r  b   swpd   free   buff  cache   si   so    bi    bo   in   cs us sy id wa st gu
 3  0 5721176 25009952  47320 3377264  559  773 212029  1646 17891    8  4  1 92  4  0  0
 0  0 5721176 25022348  47320 3377392    0    0    80    32 2087 2536  1  0 99  0  0  0
 1  0 5721176 25027160  47328 3377392    0    0     0   160 2497 3541  1  0 99  0  0  0
 0  0 5716284 25017788  47328 3377564 5412    0  5572     4 4136 5322  0  1 99  0  0  0
 0  0 5716260 24996576  47328 3377564   36    0    36    44 2434 2746  0  0 99  0  0  0
 0  0 5716260 25006812  47352 3377632    0    0    76   168 3461 4867  1  1 99  0  0  0
 1  0 5716260 25011352  47352 3377644    0    0     0   308 1742 2114  0  1 99  0  0  0
 0  0 5716240 25007016  47352 3377780   12    0   148     4 2024 2658  0  1 99  0  0  0
 0  0 5716236 25026308  47352 3377784   12    0    12     0 2009 2917  0  1 99  0  0  0
 0  0 5716220 25013348  47352 3377776   20    0    20     0 1909 2402  1  1 99  0  0  0
 1  0 5716220 25028992  47360 3377780    0    0     0   156 4200 5638  1  1 98  0  0  0
 0  0 5716220 25038788  47376 3377816    0    0    48   192 2539 2896  0  1 99  0  0  0
 1  0 5716220 25016760  47376 3377816    0    0     0     0 2784 3884  1  1 99  0  0  0
 0  0 5716220 25002392  47376 3377812    0    0     0     8 2769 3325  0  0 99  0  0  0
 1  0 5716220 25006376  47376 3377812    0    0     0    52 2076 2609  0  1 99  0  0  0
 0  1 5716216 25029528  47376 3377832    4    0     8     8 2760 4096  0  1 99  0  0  0
 0  1 5716208 24257892  47384 3860052    8    0 474152   288 7280 10063  1  2 94  2  0  0
 0  1 5716208 23478484  47384 4618776    0    0 758596   348 9117 13036  1  1 94  4  0  0
 0  1 5716208 22700744  47408 5389168    0    0 770400   136 8622 12261  1  1 94  4  0  0
 1  0 5716208 21845716  47408 6128528    0    0 739456     0 8561 12356  1  1 94  4  0  0
 1  1 5716204 21190360  47408 6769988    4    0 641488     8 11945 12332  1  3 93  3  0  0
 0  1 5716168 19847404  47408 7364084   28    0 594124    12 9356 9489  0  4 93  3  0  0
 0  1 5716164 18265624  47408 8054760    0    0 690676   108 9504 14336  1  2 94  3  0  0
 2  0 5716160 16576840  47416 8471460    0    0 416756   172 6088 8116  1  3 94  2  0  0
 2  0 5716160 12876972  47416 12677540    0    0     0    48 200550 2312  1  7 93  0  0  0
 1  0 5716160 7531332  47416 17982456    0    0     0     8 165109 4420  0  7 92  0  0  0
 1  0 5716156 1535612  47416 23946300    0    0     0     0 2907 2898  0  5 94  0  0  0
 1  0 5716152 1985068  47416 23338004    0    0     0     0 2320 2186  0  6 94  0  0  0
 2 15 5716148 1175144  47424 23066076    4    0 220008   140 48263 7969  2  5 89  5  0  0
 2 15 5716148 1081492  47424 23066420    0    0 2769120     4 511513 27141  3  7 26 63  0  0
 3 15 5716148 990956  47424 23066420    0    0 1974312     8 379048 22863  3  7 23 67  0  0
 0 16 5716148 991092  47424 23066416    0    0 1982560     0 97102 17849  2  3 27 68  0  0
 2 16 5716148 966504  47440 23066420    0    0 3049780   476 37085 25165  3  2 31 64  0  0
 1 15 5716148 928260  47440 23066420    0    0 3522992     8 40637 24312  3  2 31 64  0  0
 5  6 5716148 689288  47440 23067896    0    0 2058508    48 27867 54267  9  2 54 34  0  0
 5  0 5716076 684964  47448 23068136   88    0 1815216   104 29111 88535 13  2 58 27  0  0
 1  0 5716076 706688  47456 23068848    0    0 1828888   128 26666 75145  9  2 62 27  0  0
 1 16 5716072 708624  47456 23070380    8    0 1590300   168 24474 75651  8  2 69 21  0  0
 1  0 5716072 703656  47456 23071996    0    0 1578200     0 25143 86376  9  2 68 21  0  0
 1  0 5716072 703448  47456 23073364    0    0 1435016     0 22376 81733  8  2 72 19  0  0
 1  0 5716072 701772  47456 23075272    0    0 1270460     8 23429 89442 10  2 74 15  0  0
 1  0 5716040 716816  47464 23077472   44    0 925512   144 18589 89193 10  1 80  9  0  0
 1  0 5716040 733856  47512 23079292    0    0 873136   200 16871 67701  8  1 81 10  0  0
 1 15 5716036 721220  47512 23080992    4    0 1250384     0 21569 71526  9  1 73 17  0  0
 5  3 5716036 759224  47512 23081084    0    0 1505656    52 24135 85796 10  2 68 20  0  0
 5  3 5716036 762732  47640 23081164    0    0 1447148     8 24759 93776 11  2 69 19  0  0
 0  2 5716032 775388  47640 23081180    4    0 1245568     4 21112 92213 11  1 74 14  0  0
 1  0 5716028 794940  47648 23081388    0    0 1744140   260 25736 75403 10  2 59 29  0  0
 5  0 5716028 777996  47648 23081716    0    0 579800     4 13398 61421 13  2 80  5  0  0
 2  0 5716028 783136  47648 23081816    0    0 982404   280 18504 49393 15  2 69 14  0  0
 2  3 5716028 783944  47776 23081840    0    0 1765020  1312 27516 82156  9  2 62 27  0  0
 1  0 5716028 7296188  47800 4043092    0    0 171984   152 6092 12941  1  5 92  3  0  0
