procs -----------memory---------- ---swap-- -----io---- -system-- -------cpu-------
 r  b   swpd   free   buff  cache   si   so    bi    bo   in   cs us sy id wa st gu
 6  0 5701740 26132988  77684 2163236  560  775 209779  1650 17862    8  4  1 92  4  0  0
 0  0 5701736 26120504  77684 2163288   12    0    12    36 1647 2046  0  0 99  0  0  0
 0  0 5701736 26102056  77684 2163292    0    0     0   156 2558 3568  1  0 99  0  0  0
 0  0 5701736 26115972  77692 2163296    0    0     0   164 3027 4691  1  0 98  0  0  0
 1  0 5701736 26127876  77692 2163304    0    0     0     0 2174 3284  0  1 99  0  0  0
 0  0 5701732 26132784  77692 2163292    4    0     4     0 5091 7263  1  1 98  0  0  0
 0  0 5701728 26122048  77692 2163360    8    0    72     4 2455 3315  1  0 99  0  0  0
 0  0 5701728 26109708  77692 2163356    0    0     0     8 1750 2449  1  0 99  0  0  0
 0  0 5701724 26123000  77700 2163364    0    0     0   144 2340 3131  0  1 99  0  0  0
 1  0 5701724 26130896  77700 2163364    0    0     0     0 2200 2896  0  1 99  0  0  0
 0  0 5701724 26154796  77700 2163360    0    0     0     8 2605 4049  0  1 99  0  0  0
 0  0 5701644 26154560  77740 2163364   52    0    52   408 2758 4549  1  1 98  0  0  0
 1  0 5701644 26142680  77740 2163368    0    0     0     8 2031 2924  1  1 99  0  0  0
 0  0 5701624 26132208  77740 2163368   32    0    32     0 1897 2588  1  1 99  0  0  0
 0  0 5701620 26141256  77740 2163368    4    0     4     8 2370 3456  1  1 99  0  0  0
 0  1 5701608 26117348  77740 2163372   16    0    20     0 5378 7998  1  1 98  0  0  0
 1  0 5701608 25335272  77748 2651756    0    0 480412   324 6653 8821  1  2 94  2  0  0
 1  1 5701596 24510220  77748 3438032   24    0 786044    12 9527 13612  1  1 94  4  0  0
 1  0 5701596 23715780  77748 4238184    0    0 800280   296 9229 13789  1  1 94  4  0  0
 0  1 5701596 22916700  77748 5049928    0    0 811492     8 8603 12750  1  1 95  4  0  0
 0  1 5701592 21736592  77748 5798140    4    0 748216     0 9939 13694  1  2 94  3  0  0
 0  1 5701592 20722568  77748 6297812    0    0 499668    24 6873 8971  1  3 94  2  0  0
 1  1 5701592 19146124  77756 6986824    0    0 689012   156 10622 10733  1  5 92  3  0  0
 1  0 5701592 17677968  77756 7668808    0    0 682440     0 8158 11695  1  2 94  3  0  0
 1  0 5701588 16999708  77756 8428860   12    0 525264     0 6892 9182  1  3 94  2  0  0
 2  0 5701588 11999624  77756 13246896    0    0     0   276 302385 6086  0  8 91  0  0  0
 3  0 5701588 6373412  77760 18843172    0    0     4    52 104622 2326  0  6 93  0  0  0
 2  0 5701588 462608  77768 24759944    0    0   128   172 2782 2653  0  5 94  0  0  0
 2  0 5701580 2039984  77768 23149276    0    0     0     0 2633 2886  1  5 94  0  0  0
 2 16 5701580 1184308  77768 22928880    0    0 1062684     0 15355 12950  2  4 75 20  0  0
 2 16 5701580 1137240  77768 22929608    0    0 983296     0 13769 12785  1  1 28 69  0  0
 2  6 5701580 1115680  77768 22929604    0    0 1297692    32 160313 13637  1  3 25 70  0  0
 3  0 5701580 1094680  77776 22929604    0    0 1957108   224 206540 19587  2  4 27 67  0  0
 1 15 5701556 1106192  77776 22929612   20    0 1958340     0 354784 20195  2  7 23 68  0  0
 3 14 5701556 1075724  77776 22929612    0    0 3295528     0 502778 23386  4  7 24 65  0  0
 0 16 5701556 1047212  77776 22929876    0    0 3470668     4 88672 29707  3  2 32 63  0  0
 5  0 5701552 811768  77776 22931536    0    0 1842288    80 26417 61600 11  2 57 31  0  0
 1 15 5701552 813752  77784 22931536    0    0 1783804   204 26220 85026 13  2 60 26  0  0
 0 10 5701548 835064  77784 22932412    0    0 1737920     0 26129 72464  8  2 65 25  0  0
 5  9 5701548 831596  77784 22933832    0    0 1551472     0 24717 74340  8  1 69 22  0  0
 1  8 5701548 844316  77784 22935404    0    0 1558412     0 25264 87696  9  1 69 20  0  0
 7 11 5701540 856932  77784 22936948    4    0 1429064    16 22718 81966  9  1 71 19  0  0
 1  0 5701480 826428  77792 22937940   56    0 1234736   136 21858 86989  9  2 75 14  0  0
 5  6 5701480 804964  77792 22940832    0    0 950804     0 17751 87373 10  1 80  9  0  0
 1  0 5701480 805720  77792 22942616    0    0 806692     0 15555 64298  8  1 82  9  0  0
 5  0 5701472 799880  77792 22944420    8    0 1307080     8 24023 76206  9  2 71 19  0  0
 1  0 5701468 831288  77792 22944464    0    0 1440792    28 22739 84500 10  2 70 18  0  0
 6  3 5701468 832536  77804 22944556    0    0 1496192   232 24271 93873 11  2 70 18  0  0
 1  0 5701444 831228  77804 22944640    0    0 1199236     4 21091 91625 11  1 75 13  0  0
 1  0 5701440 845212  77804 22944888    4    0 1767244   320 25171 75386 10  2 58 30  0  0
 5  0 5701440 831840  77804 22945036    0    0 414952     0 14703 46630 18  3 76  4  0  0
10  1 5701440 828712  77804 22945328    0    0 1012220     4 18360 61374 12  2 73 13  0  0
 1  5 5701440 845076  77812 22945400    0    0 1805412   188 26010 78942  9  2 63 26  0  0
 3  0 5701436 7369064  77812 5268148    4    0 222612     0 7551 16504  2  4 91  3  0  0
