procs -----------memory---------- ---swap-- -----io---- -system-- -------cpu-------
 r  b   swpd   free   buff  cache   si   so    bi    bo   in   cs us sy id wa st gu
 4  0 5736724 25298540  27896 3142260  560  774 210907  1648 17877    8  4  1 92  4  0  0
 0  0 5736692 25286584  27896 3142432   40    0    92     0 4180 5943  1  1 98  0  0  0
 0  0 5736688 25287580  27896 3142428    4    0     4     0 3491 4911  1  1 99  0  0  0
 0  0 5736688 25275552  27896 3142432    0    0     0    32 1455 1782  0  0 99  0  0  0
 0  0 5736688 25288384  27904 3142432    0    0     0   184 2119 2887  0  0 99  0  0  0
 0  0 5736672 25299732  27904 3142484    0    0    52     0 2220 2948  0  1 99  0  0  0
 0  0 5736672 25301760  27904 3142484    0    0     0     0 1249 1575  1  0 99  0  0  0
 0  0 5736672 25303392  27904 3142516    0    0    20     0 3361 4520  1  1 99  0  0  0
 0  0 5736672 25290336  27904 3142508    0    0     0     8 2217 2814  0  1 99  0  0  0
 1  0 5736672 25291472  27912 3142508    0    0     0   144 1807 2467  1  1 99  0  0  0
 1  0 5736672 25281608  27912 3142600    0    0    88     0 2826 3445  1  1 99  0  0  0
 0  0 5736672 25298208  27912 3142600    0    0     0     4 3902 5233  1  1 99  0  0  0
 0  0 5736672 25294744  27912 3142600    0    0     0     4 2580 3192  0  1 99  0  0  0
 0  0 5736672 25288520  27912 3142604    0    0     0    36 2582 3180  0  0 99  0  0  0
 0  0 5736668 25275684  27920 3142604    4    0     4   172 2597 3223  1  1 99  0  0  0
 0  1 5736668 25284792  27932 3142688    0    0    96   488 1636 2084  0  1 99  0  0  0
 0  1 5736668 24534748  27932 3612208    0    0 461184     0 6821 8715  1  2 95  2  0  0
 1  0 5736668 23720364  27932 4392072    0    0 779936     0 9264 13085  1  1 94  4  0  0
 1  0 5736668 22986616  27932 5169000    0    0 776856     0 9380 13890  1  1 94  4  0  0
 0  1 5736668 22191156  27932 5967188    0    0 798312   104 9418 13750  1  1 94  4  0  0
 1  1 5736668 20982780  27940 6701000    0    0 733556   176 13410 11572  1  4 92  3  0  0
 0  1 5736668 19972596  27940 7184920    0    0 484180     0 8640 10370  1  4 94  2  0  0
 0  1 5736668 18397792  27988 7866824    0    0 681824   216 8271 11136  1  2 94  3  0  0
 1  0 5736668 16879536  27988 8520592    0    0 653768    36 9026 12611  1  2 94  3  0  0
 2  0 5736668 13971380  27988 11600248    0    0 29860    12 38807 2930  1  5 94  0  0  0
 1  0 5736660 8760680  27988 16691004    0    0     0   140 255484 2627  0  8 92  0  0  0
 1  0 5736564 2721340  27988 22690956  120    0   120     0 2586 2511  0  5 94  0  0  0
 1  0 5736556 2922656  28052 22438192    8    0    16   664 3044 3064  1  6 93  0  0  0
 0  5 5736548 1629876  28112 23008208   16    0  3260   616 6004 7482  2  4 93  1  0  0
 1  6 5736548 1189272  28112 23012316    0    0 2497668    12 441578 24903  3  7 36 54  0  0
 1 15 5736548 1150544  28112 23012324    0    0 2006568     0 344573 20386  2  6 25 66  0  0
 1  0 5736548 1080596  28112 23012324    0    0 2160360     4 28623 21366  2  2 29 67  0  0
 2  0 5736540 1059696  28112 23012384    0    0 2753556     0 33205 22691  3  2 31 65  0  0
 0 17 5736380 1031280  28120 23012516   40    0 3519616   180 40604 25380  3  2 32 63  0  0
 1  0 5736340 817732  28120 23012968   40    0 2354172    92 30215 46116  8  2 50 39  0  0
 6  5 5736316 838656  28120 23013364   16    0 1869728     0 27756 86824 13  2 57 28  0  0
 1  0 5736312 816108  28120 23013876    0    0 1830508     0 26854 77580  9  1 62 28  0  0
 4  0 5736304 795184  28168 23014656    0    0 1538412   292 24261 70214  8  1 69 21  0  0
 0  3 5736304 782364  28168 23016264    0    0 1583372     0 26092 87693  9  2 68 21  0  0
 1  0 5736304 779408  28168 23018084    0    0 1440996    20 22875 84101  8  1 72 18  0  0
 1  0 5736304 804704  28168 23019560    0    0 1312436     0 22692 84269  9  1 73 16  0  0
 1  0 5736300 818988  28168 23021776    4    0 918564     0 19427 93069 10  1 81  8  0  0
 1  0 5736296 849788  28216 23023780    4    0 968108   412 17618 71305  8  1 80 11  0  0
 5  0 5736296 878308  28216 23025612    0    0 935380    44 18038 68694  8  1 80 11  0  0
 1  0 5736296 873444  28216 23026040    0    0 1613188     8 25263 81971 10  1 66 23  0  0
 1  0 5736292 899004  28216 23026124   32    0 1539192    16 24148 92888 11  1 69 19  0  0
 1  0 5736292 891536  28216 23026140    0    0 1306808   320 21663 94167 12  1 72 15  0  0
 1  0 5736292 888988  28224 23026312    0    0 1610456   292 24165 75541  9  1 63 27  0  0
 1  6 5736284 896428  28224 23026772    4    0 1174104     0 20646 92649 11  2 74 13  0  0
 0 16 5736284 900400  28224 23026780    0    0 1732492     8 25847 78528  9  2 63 26  0  0
 1  0 5736256 7204192  28224 20693084   28    0 916656    32 16566 47343  5  3 79 13  0  0
 2  0 5736256 11299656  28224 2186184    0    0     0     0 5203 6206  2  7 92  0  0  0
 1  0 5736256 25729824  28232 2186184    0    0     0   168 4487 4900  1  6 93  0  0  0
