procs -----------memory---------- ---swap-- -----io---- -system-- -------cpu-------
 r  b   swpd   free   buff  cache   si   so    bi    bo   in   cs us sy id wa st gu
 3  0 5732624 26306000  41436 2130048  559  773 211566  1647 17884    8  4  1 92  4  0  0
 0  0 5732616 26282524  41436 2130124    4    0    28     4 2386 2732  1  0 99  0  0  0
 0  0 5732616 26284736  41436 2130124    0    0     0    48 1977 2569  0  0 99  0  0  0
 1  0 5732616 26268224  41436 2130128    0    0     4     8 1841 2515  0  0 99  0  0  0
 0  0 5732608 26266380  41436 2130128    8    0     8     0 3118 4336  0  0 99  0  0  0
 0  0 5732608 26299788  41444 2130128    0    0     0   180 2396 3205  1  0 99  0  0  0
 0  0 5732608 26299084  41444 2130128    0    0     0     0 1738 2077  0  1 99  0  0  0
 1  0 5732604 26310504  41444 2130124   20    0    20     0 2072 2554  0  0 99  0  0  0
 0  0 5732604 26292504  41444 2130128    0    0     0     8 2327 3299  0  1 99  0  0  0
 0  0 5732604 26276588  41444 2130332    0    0   204    40 2649 3714  1  0 99  0  0  0
 1  0 5732592 26301680  41452 2130328    8    0     8   136 4002 6033  1  1 99  0  0  0
 0  0 5732592 26280136  41452 2130336    0    0     0     0 2296 3318  0  0 99  0  0  0
 0  0 5732592 26279252  41452 2130340    0    0     0    52 1568 1929  1  0 99  0  0  0
 0  0 5732592 26266716  41452 2130340    0    0   116     8 2917 3650  1  1 99  0  0  0
 0  0 5732592 26279820  41452 2130344    0    0     0   500 3375 4361  1  1 99  0  0  0
 0  1 5732588 26283832  41460 2130452    0    0     4   176 1492 1797  0  1 99  0  0  0
 0  1 5732588 25479692  41460 2635284    0    0 496496     0 7001 9382  1  2 94  3  0  0
 0  1 5732584 24676748  41460 3422216    0    0 786932     0 8921 12977  1  1 94  4  0  0
 0  1 5732584 23922192  41460 4215472    0    0 793516     8 8340 12741  1  1 94  4  0  0
 3  0 5732584 23129252  41460 5014932    0    0 799324     4 9373 13752  1  1 95  4  0  0
 0  1 5732584 21982508  41468 5736552    0    0 721876   144 10415 14850  1  2 94  3  0  0
 2  0 5732536 20270804  41468 6921036   56    0 1184612     4 11503 18700  1  3 95  2  0  0
 1  0 5732536 17458700  41468 8830488    0    0 563108    52 11297 9230  1  7 92  0  0  0
 1  0 5732524 11614192  41468 14670788   12    0    12     8 3245 3109  1  5 94  0  0  0
 1  0 5732520 5729132  41476 20569412    4    0     4   172 3583 3709  0  5 94  0  0  0
 1  0 5732520 1174516  41476 25392256    0    0     0     0 3184 2780  0  5 94  0  0  0
 1  0 5732508 433176  41476 25654844    4    0    96     0 3896 4818  1  5 94  0  0  0
 0  9 5732504 1623848  41476 23760424    0    0 2137532     0 26990 20570  2  3 50 45  0  0
 0 16 5732504 1593668  41476 23760500    0    0 1945496     8 25236 20535  2  2 29 67  0  0
 1 16 5732500 1560676  41484 23760544    4    0 2040212   188 26775 20765  2  2 29 67  0  0
 1  0 5732496 1537368  41484 23760548    4    0 2419612     4 30697 21070  3  2 31 65  0  0
 1 15 5732496 1552548  41484 23760548    0    0 3174504     0 37167 22737  3  2 30 64  0  0
 6  0 5732496 1411976  41484 23760828    0    0 2524348     0 31263 34336  6  2 42 50  0  0
 1  0 5732492 1299356  41484 23761928    4    0 1836268     8 26820 70179 10  2 55 33  0  0
 0 15 5732488 1302776  41492 23763156    0    0 2141084   244 30855 62952  8  2 53 37  0  0
 1  0 5732484 1274828  41492 23764000    0    0 1693108     8 25451 61772  7  2 64 27  0  0
 2  0 5732484 1290884  41492 23765044    0    0 1537256     0 23482 67769  7  2 70 21  0  0
 5  0 5732484 1281944  41492 23765564    0    0 1685956     0 25451 73595  8  2 65 25  0  0
 1  0 5732480 1255948  41524 23767328    4    0 1402036   384 23211 80962  8  2 73 17  0  0
 1  0 5732476 1247192  41524 23768764    4    0 1355776     0 22117 78746  8  1 73 18  0  0
 0  3 5732464 1246968  41528 23769524    8    0 1270092    20 22589 81876  8  1 76 15  0  0
 1  0 5732464 1264816  41528 23770328    0    0 1593712     0 24992 77965  8  2 66 24  0  0
13  0 5732464 1280976  41528 23772132    0    0 1223588     0 20214 80622  9  1 76 15  0  0
 0  0 5732464 1281896  41536 23772504    0    0 1127684   184 20895 84797  9  1 77 12  0  0
 5  0 5732464 1288724  41536 23773716    0    0 1148168     0 19960 81845  9  1 76 14  0  0
 0  3 5732464 1287540  41536 23775080    0    0 1100764   304 19840 77846  8  1 75 15  0  0
 5 12 5732464 1279304  41536 23775672    0    0 1227340   252 20872 78467  8  1 74 16  0  0
 1  3 5732448 1264520  41536 23777224   16    0 1857776     8 28074 83365 11  2 59 28  0  0
 0  9 5732448 1277248  41544 23777792    0    0 1516048   156 23722 78271 10  2 66 22  0  0
 0  9 5732432 1284008  41544 23779116   16    0 1176384     0 20556 83978  9  1 75 14  0  0
 1  0 5732428 1274688  41544 23779552    0    0 1169960    40 22674 83429  9  2 74 15  0  0
 5  0 5732428 1244700  41544 23779684    0    0 1321724     0 21318 82675 10  2 71 17  0  0
 5  1 5732356 1271972  41544 23780008   72    0 886908    24 16425 78074  9  1 81  9  0  0
 7  0 5732356 1282864  41552 23780016    0    0 319092   176 11017 33990 15  2 81  3  0  0
 1  4 5732356 1294148  41552 23780024    0    0 821056     0 15688 68263 12  2 77  9  0  0
 0  0 5732348 1273708  41568 23780400   32    0 1191916   188 21132 87453 11  1 74 14  0  0
 1  8 5732348 1274340  41568 23780436    0    0 708516     0 15393 79006  9  1 83  7  0  0
 1  6 5732348 1276428  41568 23780672    0    0 1125060     0 19077 82449 11  1 73 14  0  0
 5  0 5732348 1269816  41568 23780844    0    0 295224     8 10957 35852 15  2 81  2  0  0
 1  0 5732348 1262612  41568 23780856    0    0 670236     0 14544 64601 10  2 80  8  0  0
 2  6 5732348 1268800  41576 23781052    0    0 721052   192 17582 85137 10  1 82  7  0  0
 1  3 5732348 1240200  41576 23781368    0    0 1152508     4 20096 85285 11  2 73 15  0  0
 0  8 5732348 1258920  41576 23781756    0    0 1119784    24 19529 83831 11  1 73 15  0  0
 1  0 5732348 6650668  41576 13136760    0    0 336296     8 8505 27731  4  4 88  4  0  0
