procs -----------memory---------- ---swap-- -----io---- -system-- -------cpu-------
 r  b   swpd   free   buff  cache   si   so    bi    bo   in   cs us sy id wa st gu
 2  0 5716748 25909044  70408 2302744  561  775 209312  1651 17858    8  4  1 92  4  0  0
 0  0 5716720 25907680  70456 2302840   24    0    56   968 4660 7782  1  1 98  0  0  0
 0  0 5716716 25888688  70468 2303560    4    0   576   408 2859 4589  1  0 98  0  0  0
 1  0 5716716 25884308  70468 2303564    0    0     0     0 3116 4802  1  0 99  0  0  0
 0  0 5716692 25871672  70600 2303732   32    0   292     8 4325 10529  1  1 98  0  0  0
 0  0 5716692 25857196  70604 2303796    0    0    24    52 2711 4276  1  1 98  0  0  0
 0  0 5716692 25863584  70604 2303804    0    0     0    20 3948 6330  1  1 99  0  0  0
 0  0 5716692 25859448  70616 2303900    0    0    88   244 3741 4698  1  1 98  0  0  0
 0  0 5716684 25851400  70616 2303896    8    0     8     0 1867 3276  1  0 99  0  0  0
 0  0 5716672 25870612  70616 2303988    8    0    96     0 2874 4097  1  1 99  0  0  0
 1  0 5716672 25881692  70616 2304044    0    0    56     0 4334 6980  1  1 99  0  0  0
 2  0 5716672 25857500  70616 2304040    0    0     0    32 2796 4957  1  1 98  0  0  0
 0  0 5716672 25866176  70624 2304040    0    0     0   172 2399 3655  0  0 99  0  0  0
 0  0 5716660 25874344  70624 2304044    4    0     4     0 2650 3774  1  1 99  0  0  0
 1  0 5716660 25861108  70624 2304044    0    0     0     0 1576 2430  1  0 99  0  0  0
 2  0 5716660 25875756  70624 2304040    0    0     0    76 3213 4148  1  1 98  0  0  0
 1  1 5716660 25088588  70624 2813824    0    0 501580    20 7628 10782  1  2 94  3  0  0
 0  1 5716660 24247676  70632 3603080    0    0 789264   204 9117 13241  1  1 94  4  0  0
 0  1 5716660 23505772  70632 4398096    0    0 794960     0 10001 15655  2  1 94  4  0  0
 0  1 5716660 22740896  70632 5206756    0    0 808584     0 9265 13753  1  1 94  4  0  0
 1  0 5716652 21621960  70632 5916168    8    0 709424     4 9821 14184  1  2 94  3  0  0
 1  0 5716560 19900084  70632 7094716   80    0 1179080    92 12461 19839  1  3 94  1  0  0
 1  0 5716560 17016456  70320 9096540    0    0 563108   452 8770 12946  1  4 94  0  0  0
 1  0 5716560 11046492  70320 15058468    0    0     0     4 6131 2724  0  5 94  0  0  0
 1  0 5716560 5012380  70320 21076896    0    0     0     0 3168 3877  0  5 94  0  0  0
 2  0 5716560 2031340  70316 24267556    0    0     0     0 3128 3844  0  6 94  0  0  0
 1  0 5716560 1199928  70316 24408404    0    0     0   592 3248 2922  1  5 94  0  0  0
 2  0 5716560 771056  70324 24415412    0    0 2427056   196 37534 27648  3  2 44 51  0  0
 0 16 5716560 726072  70324 24415448    0    0 1926864     0 24912 21021  2  2 30 66  0  0
 1 16 5716556 726624  70324 24415448    0    0 2127348     4 25986 18902  2  2 30 66  0  0
 1 15 5716556 725068  70332 24415448    0    0 2691824   268 35183 26106  3  2 32 63  0  0
 1 15 5716516 705940  70336 24415452   20    0 3083132   164 36367 23062  3  2 31 65  0  0
 1 10 5716516 518376  70356 24416020    0    0 2315916   328 29929 44384  8  2 46 44  0  0
 2  5 5716512 479212  70356 24417360    0    0 1975480     8 29665 76582 10  2 57 31  0  0
 5 10 5716512 478096  70356 24418288    0    0 2208388     0 30400 60568  8  2 52 39  0  0
 5 11 5716512 486924  70356 24419044    0    0 1652480     0 24417 63382  7  2 68 23  0  0
 1 15 5716512 477144  70356 24420432    0    0 1484644   160 23902 72719  7  2 72 19  0  0
 1  3 5716512 449780  70364 24421384    0    0 1659968   196 26495 78802  9  2 67 23  0  0
 1  2 5716512 457548  70364 24423040    0    0 1555508     0 24116 82545  9  1 72 19  0  0
 1  3 5716412 463572  70428 24424052  124    0 1274656   288 22038 82361  8  1 76 14  0  0
 1  5 5716024 454756  70708 24425184  452    0 1310684  1472 24114 82009  9  2 72 18  0  0
 0  0 5715664 407604  70956 24426584  404    0 1472788  1444 24203 76348  8  1 67 23  0  0
 5  0 5715572 538720  71236 24298864   80    0 1370480  1532 24315 86561  9  2 72 17  0  0
 0  0 5715464 537448  71508 24299564  120    0 923360  1436 18571 86168  9  1 81  8  0  0
 0 13 5715424 528676  71780 24300728   40    0 1401920  1396 22601 82043  9  2 70 19  0  0
 0  3 5715416 525864  72028 24302164   12    0 975120  1236 19887 81610  9  1 78 12  0  0
 5 11 5714848 534956  72468 24303476  672    0 1577468  2144 26124 82509 10  2 65 23  0  0
 1  1 5714652 522788  72836 24304508  196    0 1753108  1780 27679 83240 11  2 59 28  0  0
 1  4 5714560 516436  73292 24305676   64    0 1397236  2244 24275 83928 10  2 69 19  0  0
 1  5 5714544 529124  73788 24306532   16    0 1074008  2336 19884 85348 10  1 77 12  0  0
 3  1 5714504 523184  74268 24306964   36    0 1313412  2388 23677 86529 10  1 71 18  0  0
 1  3 5713844 514016  75000 24307344  664    0 1168192  3352 21621 87627 10  1 74 14  0  0
 1  0 5713756 499372  75576 24307576  144    0 899628  3120 18630 83966  9  1 80 10  0  0
 1 25 5713580 501452  76248 24308048  216    0 1043412  4036 19285 83263 10  1 75 14  0  0
 5  1 5713392 509152  76832 24308368  144    0 1045672  3584 20275 86189 10  1 76 13  0  0
 7  4 5713320 486180  77584 24308464  108    0 787796  3784 16392 80484  9  1 81  8  0  0
 1  2 5713252 499212  78216 24308904   52    0 1051280  2932 20181 87751 12  1 74 13  0  0
 1  3 5711496 504772  78776 24312020 1568    0 827176  2980 18852 83335 10  1 79 10  0  0
 0  7 5711016 502668  79144 24312964  472    0 692996  2800 17236 85109 11  1 82  6  0  0
 3  0 5710984 491448  79384 24313356   44    0 1214024  1220 20957 86826 11  1 73 15  0  0
 3  0 5710944 505508  79652 24313536   28    0 715336  1516 19960 60047 17  2 72  8  0  0
 1  0 5710912 849544  79860 24312176   20    0 586412  1016 14723 48371 17  2 73  9  0  0
 1  0 5710600 9931796  79860 3469368  332    0  1284    12 5137 5553  1  5 94  0  0  0
