procs -----------memory---------- ---swap-- -----io---- -system-- -------cpu-------
 r  b   swpd   free   buff  cache   si   so    bi    bo   in   cs us sy id wa st gu
 4  0 5739080 25872264  34304 2565460  560  774 210443  1649 17875    8  4  1 92  4  0  0
 0  0 5739068 25837976  34304 2565512   12    0    12    88 2598 2815  0  0 99  0  0  0
 0  0 5739060 25859252  34304 2565516    8    0    12     8 3572 5103  1  1 99  0  0  0
 1  0 5739052 25843104  34312 2565524    8    0     8   180 1671 2148  1  0 99  0  0  0
 0  0 5739052 25854216  34312 2565740    0    0   220     0 2050 2650  0  0 99  0  0  0
 0  0 5739052 25875836  34312 2565744    0    0   116     0 2169 2748  1  0 99  0  0  0
 0  0 5739048 25868244  34312 2565860   12    0    12     0 1296 1562  0  0 99  0  0  0
 0  0 5739048 25872828  34312 2565968    0    0   108    16 3690 4767  1  1 99  0  0  0
 0  0 5739044 25866664  34320 2566064    4    0    92   140 2275 2831  0  0 99  0  0  0
 0  0 5739036 25836940  34336 2566040   12    0    12    96 1623 1884  0  1 99  0  0  0
 1  0 5739036 25835912  34336 2566188    0    0   124     0 4067 5747  1  1 99  0  0  0
 0  0 5739036 25822772  34336 2566188    0    0     0    40 2221 2785  1  0 99  0  0  0
 0  0 5739036 25813708  34336 2566220    0    0    36     8 2714 3918  1  1 99  0  0  0
 0  0 5739024 25802424  34336 2566220    0    0     0     0 2906 3868  1  1 99  0  0  0
 0  0 5739024 25807988  34344 2566224    0    0     0   152 2082 2806  0  1 99  0  0  0
 0  1 5738988 25834308  34368 2566328   40    0   176   108 1670 2285  0  1 99  0  0  0
 0  2 5738976 25074708  34388 3047176   20    0 472908   188 7090 9338  1  2 94  3  0  0
 1  0 5738976 24254528  34404 3834972    0    0 787408   216 10442 14849  1  1 94  4  0  0
 0  1 5738976 23423944  34428 4638364    0    0 803524   152 8722 12777  1  1 95  4  0  0
 0  1 5738972 22611632  34428 5453212    4    0 815108     0 9174 13591  1  1 94  4  0  0
 0  1 5738972 21483892  34428 6169576    0    0 716108     0 10013 13910  1  2 94  3  0  0
 1  0 5738972 19802844  34428 7347320    0    0 1177484    44 11647 18804  1  3 94  2  0  0
 2  0 5738972 17127212  34428 9158284    0    0 573360    20 21648 10626  1  7 92  0  0  0
 1  0 5738972 11829548  34460 14445196    0    0     0   552 159400 2848  0  7 93  0  0  0
 1  0 5738972 5900800  34460 20384740    0    0     0     4 2360 1801  0  5 94  0  0  0
 2  0 5738972 470968  34460 25829088    0    0     0     0 100502 3348  0  6 93  0  0  0
 1  0 5740244 734796  31908 25655196    0 1136     0  1440 29528 3398  1  5 94  0  0  0
 0 16 5740236 1679112  30380 23636480    8    0 1620308    52 22039 18682  2  4 63 31  0  0
 2 15 5740236 1655324  30388 23636600    0    0 2169780   160 27257 21396  2  2 30 66  0  0
 1 15 5740236 1649648  30388 23636600    0    0 1990048     4 24862 18739  2  2 29 67  0  0
 1 15 5740236 1625012  30388 23636604    0    0 2219480     0 28094 20451  2  2 30 66  0  0
 1 15 5740236 1634216  30388 23636648    0    0 3371764    44 39553 23876  3  3 31 63  0  0
 6  0 5740232 1514800  30416 23637140    4    0 2702056   260 34193 32822  5  2 40 52  0  0
 1  3 5740220 1406784  30416 23638136   44    0 1898504     0 27492 73835 11  2 55 32  0  0
 0 16 5740220 1386680  30416 23639364    0    0 2115016     0 29135 59156  7  2 53 38  0  0
 2  0 5740220 1374516  30416 23640212    0    0 1761592     0 25827 61025  7  2 64 27  0  0
 2  0 5740220 1388884  30416 23641080    0    0 1552112     0 23504 67334  7  2 70 21  0  0
 2  0 5740216 1382716  30424 23642116    0    0 1573380   176 25200 73362  8  2 66 24  0  0
 2  7 5740216 1388080  30424 23642912    0    0 1492992     0 23864 80436  8  2 71 19  0  0
 0  0 5740208 1394448  30424 23644968    8    0 1346700     0 21527 76975  8  1 73 18  0  0
 2  5 5740156 1391416  30424 23645344    8    0 1252684     4 22640 79463  8  2 75 15  0  0
 3 12 5740156 1388000  30424 23646780    0    0 1436696    44 22801 73798  8  1 68 22  0  0
 1  6 5740156 1366764  30432 23647992    0    0 1303684   188 22420 83656  8  1 75 16  0  0
 5  0 5740156 1345776  30432 23648864    0    0 1159556     0 20672 84592  9  1 76 13  0  0
 4  0 5740148 1352332  30456 23649472   12    0 1142280   140 19749 79866  9  1 75 14  0  0
 0  6 5740148 1355520  30456 23651064    0    0 1081220     0 18977 76838  9  2 75 15  0  0
 1  6 5740148 1362020  30456 23651796    0    0 1184492     0 19704 79482  9  2 76 14  0  0
 6 13 5740148 1376912  30456 23653036    0    0 1779724    48 27731 83326 10  2 60 28  0  0
 0  6 5740148 1379468  30456 23653892    0    0 1626832     0 24762 78182 10  2 61 27  0  0
 1  2 5740144 1369648  30464 23654792    0    0 1184300   140 19812 80028  9  1 74 15  0  0
 0  4 5740068 1378804  30464 23655824   84    0 1171084     0 21528 84746  9  2 75 15  0  0
 1  3 5740068 1380256  30464 23656076    0    0 1319748    44 21353 83346 10  2 71 17  0  0
 1  0 5740068 1374456  30464 23656312    0    0 938108     8 17489 77790  8  2 80 10  0  0
 5  3 5740064 1382988  30464 23656440    0    0 893004    16 17780 82485  9  1 79 10  0  0
 0 14 5740048 1356288  30472 23656740   12    0 1120760   484 18777 81156 10  1 75 14  0  0
 1  0 5740016 1334172  30472 23656944   48    0 871604     0 16943 82087  9  1 81  9  0  0
 1  3 5740012 1354420  30472 23657060    4    0 840180     0 16525 79434 10  1 80  8  0  0
 0  9 5740012 1342796  30472 23657380    0    0 992508     8 17281 80502 10  1 76 12  0  0
 1  0 5740008 1342292  30472 23657528    4    0 523636     0 14378 54262 12  2 80  6  0  0
 1  0 5740000 1357324  30496 23657580    8    0 384360   580 11767 47033 14  2 81  3  0  0
 4  0 5739996 1370204  30504 23657600    4    0 824116    56 17146 82305 10  1 80  8  0  0
 2  4 5739996 1379072  30504 23657920    0    0 1243032    48 21001 87058 11  1 73 15  0  0
 1  0 5739996 5903056  30504 21323016    0    0 887760     8 16878 66309  9  2 76 12  0  0
 1  0 5739996 6777452  30516 6287780    0    0     4   620 4816 4605  1  5 94  0  0  0
 1  0 5739992 18538680  30516 2815808   12    0   132     8 3525 3126  1  6 93  0  0  0
