procs -----------memory---------- ---swap-- -----io---- -system-- -------cpu-------
 r  b   swpd   free   buff  cache   si   so    bi    bo   in   cs us sy id wa st gu
 3  0 5733300 26672820  41292 1784032  559  773 211352  1647 17883    8  4  1 92  4  0  0
 0  0 5733300 26643488  41292 1784112    0    0     0     8 1803 2206  0  0 99  0  0  0
 0  0 5733300 26637892  41300 1784116    0    0     0   180 2596 3154  1  0 99  0  0  0
 0  0 5733300 26623552  41300 1784172    0    0    56     0 1816 1995  0  0 99  0  0  0
 0  0 5733300 26632724  41300 1784172    0    0     0     0 3444 5373  0  1 99  0  0  0
 0  0 5733296 26615348  41300 1784176    0    0     0    36 3332 4587  1  1 99  0  0  0
 0  0 5733296 26633016  41300 1784172    0    0     0   216 1401 1771  1  0 99  0  0  0
 0  0 5733296 26638304  41308 1784168    0    0     0   140 1896 2423  0  0 99  0  0  0
 0  0 5733288 26640888  41308 1784296    0    0    56     0 2384 3020  0  0 99  0  0  0
 0  0 5733288 26637380  41308 1784292    0    0     0    20 1751 2227  0  0 99  0  0  0
 0  0 5733288 26612748  41308 1784296    0    0     0     8 3027 4441  1  1 99  0  0  0
 0  0 5733284 26618432  41324 1784292    8    0     8   668 2635 3360  1  1 99  0  0  0
 1  0 5733284 26626748  41324 1784304    0    0     0     0 1693 2193  0  0 99  0  0  0
 0  0 5733280 26604880  41324 1784312   12    0    12     0 1835 2232  0  0 99  0  0  0
 0  0 5733276 26596324  41324 1784320    4    0     4   184 4984 6290  1  1 99  0  0  0
 1  1 5733276 26609708  41324 1784324    0    0     8    40 2960 3811  1  1 99  0  0  0
 0  1 5733276 25870368  41332 2267736    0    0 475212   204 6702 8664  1  2 95  3  0  0
 0  1 5733272 25066392  41332 3057904   16    0 790184     0 9729 13887  1  1 94  4  0  0
 0  1 5733272 24300192  41332 3846660    0    0 788760     0 8414 12157  1  1 95  4  0  0
 0  1 5733248 23505572  41332 4645060   12    0 798284     4 8739 12687  1  1 95  4  0  0
 0  1 5733248 22354996  41332 5341632    0    0 697208     0 9451 13078  1  2 94  3  0  0
 0  1 5733248 20748456  41340 6386064    0    0 1043920   120 10846 16881  1  3 95  2  0  0
 1  0 5733248 18034568  41340 8189328    0    0 763244     0 13767 10876  1  7 92  0  0  0
 2  0 5733248 12161728  41356 14049484    0    0     0   124 2646 2498  0  5 94  0  0  0
 1  0 5733248 6318096  41356 19925940    0    0     0     0 4067 4564  0  5 94  0  0  0
 1  0 5733248 1072740  41356 25647656    0    0     0    36 3857 4068  1  5 94  0  0  0
 1  0 5733248 605056  40924 25643664    0    0   108     8 3314 3461  1  5 94  0  0  0
 1  4 5733248 526096  40924 25088588    0    0 206360     0 57928 106428  1  2 79 18  0  0
 0  2 5733244 1206356  40932 24232156    0    0 283436   164 77580 144333  1  2 75 22  0  0
 1  2 5733244 547440  40932 24010932    0    0 1030188    32 19208 20622  3  2 91  4  0  0
 7  0 5733244 549068  40932 23884252    0    0 1522084     0 16214 7242  6  1 91  2  0  0
 2  0 5733244 601684  40932 23757388    0    0 652964     8 8433 4474  5  2 91  1  0  0
 1  0 5733240 682472  40932 23630704    4    0     4     0 3915 3519  3  3 94  0  0  0
 1  0 5733240 654768  40940 23630696    0    0 1638816   124 16464 5961  6  1 91  2  0  0
 1  0 5733240 639928  40940 23630708    0    0 1305880    48 15536 8610  6  1 92  1  0  0
 1  0 5733240 614368  40940 23630716    0    0 934636    36 11814 6622  5  2 93  1  0  0
 1  0 5733240 630900  40940 23630708    0    0 1408240     8 14289 5557  6  1 91  2  0  0
 1  0 5733240 619240  40940 23630708    0    0 652964     0 8463 4319  5  1 93  1  0  0
 2  1 5733240 604488  40948 23630760    0    0 1032248   316 11967 5792  5  1 92  2  0  0
 1  0 5733240 606772  40948 23630768    0    0 1080340     0 11965 5087  8  3 88  2  0  0
 1  0 5733240 584708  40948 23630844    0    0 755472     4 9874 5894  6  3 91  0  0  0
 1  0 5733236 588688  40948 23630844    4    0 1408300     8 15229 6489  6  1 91  2  0  0
 1  0 5733236 620620  40948 23630840    0    0 1638756   324 16764 6456  6  1 91  2  0  0
 2  1 5733228 604860  40948 23630844   20    0 769732     0 8962 4295  5  2 93  1  0  0
 1  2 5733228 616528  40960 23630872    0    0 1051384   156 14132 8574  6  1 92  1  0  0
 3  0 5733228 632136  40960 23630892    0    0 1738096    40 19034 9045 10  3 83  3  0  0
 1  0 5733228 598640  40960 23630960    0    0    64    20 3761 3119  4  3 94  0  0  0
 1  0 5733204 612220  40960 23630960   60    0 1638876     0 16951 6939  6  1 91  2  0  0
 1  0 5733196 612868  40960 23631188   12    0 1408484     0 14489 5273  6  1 91  2  0  0
 2  1 5733040 581836  40968 23631188  172    0 868228   176 10275 4993  5  2 90  3  0  0
 2  1 5733040 603492  40968 23631192    0    0 1913396     4 19435 7391  6  1 91  2  0  0
 1  0 5733040 632108  40968 23631192    0    0 1417780     8 15784 7162  6  1 91  2  0  0
 4  0 5733028 625356  40968 23631196   16    0 725372     0 9208 5788  6  3 90  0  0  0
 2  1 5733028 617728  40968 23631192    0    0 1907752     0 19728 7706  7  3 88  2  0  0
 1  0 5733028 619976  40976 23631188    0    0 1719792   112 18792 8898  6  1 89  4  0  0
 3  0 5733028 601516  40976 23631188    0    0 857820    68 10279 4439  5  1 93  1  0  0
 2  0 5733024 609088  40976 23631192    4    0 2150948     8 22413 9321  6  1 88  5  0  0
 4  0 5733024 623768  40984 23631260    0    0 934704   160 11293 5388  7  2 89  2  0  0
 1  2 5733024 616596  40984 23631264    0    0 32776     0 4148 3024  4  3 92  0  0  0
 1  0 5733024 605320  40984 23631264    0    0 1580360     0 16741 6296  6  1 91  2  0  0
 1  0 5733024 605712  40984 23631260    0    0 2150684    28 20754 7242  6  1 90  3  0  0
 1  0 5733024 607536  40984 23631264    0    0 1088276     8 13089 6321  5  2 92  1  0  0
 2  1 5733024 602376  40992 23631268    0    0 1339408   140 15285 6770  6  1 91  2  0  0
 1  0 5733020 615740  40992 23631280    4    0 1592284     0 16628 6587  6  1 91  2  0  0
 3  0 5733020 613848  40992 23631380    0    0 612088     0 9831 6694  6  4 90  1  0  0
 5 14 5733020 712056  40996 23504488    0    0 981892    60 13846 16266  6  3 78 14  0  0
 2 15 5733020 599252  40996 23505148    0    0 2502152     8 33706 52822  8  2 41 48  0  0
 2 10 5733020 587248  41004 23505220    0    0 2500524   164 32034 47677  8  2 35 55  0  0
 0 19 5733012 580904  41004 23505400    0    0 2137928     0 29892 66163  9  2 53 37  0  0
 0 19 5733012 590040  41004 23506668    0    0 1735152     0 25238 65080  8  2 61 30  0  0
 1  0 5733012 589336  41004 23507440    0    0 1664460   248 25738 76789 10  2 63 25  0  0
 1  0 5733008 611696  41044 23508572    4    0 1551400   412 25717 78318  9  2 65 24  0  0
 0  4 5733000 597580  41044 23509492    8    0 1839128     4 26656 77565 10  2 59 29  0  0
 1 10 5733000 602444  41044 23509784    0    0 1408460     0 22356 81623 10  2 69 19  0  0
 5  0 5733000 597540  41068 23510052    0    0 1073020   464 21155 84073 10  1 76 13  0  0
 1  0 5733000 600436  41068 23510132    0    0 1293308    44 22261 83838 10  1 72 16  0  0
 1  4 5732992 607604  41068 23510284    4    0 1203236     8 21129 80675 10  2 73 15  0  0
 2  0 5732992 583448  41068 23510580    0    0 926604     4 16887 69830  9  1 79 11  0  0
 5  0 5732992 602496  41068 23510780    0    0 581308     0 12783 41560 14  2 77  7  0  0
 1  1 5732988 589192  41076 23510880    4    0 668224   172 13854 49688 12  2 78  8  0  0
 1  0 5732988 603020  41076 23511376    0    0 1152040    28 19847 78253 10  1 74 15  0  0
 0  3 5732952 587728  41076 23512424   28    0 1175332    12 20945 84224 11  1 72 16  0  0
 0  0 5732952 602568  41076 23512932    0    0 1298568     0 21507 84234 11  2 71 17  0  0
 1  0 5732952 6945380  41076 19429596    0    0 710184     0 14049 40642  6  3 79 11  0  0
 1  0 5732952 25755016  41084 2673228    0    0   380   124 4446 4928  0  5 94  0  0  0
