procs -----------memory---------- ---swap-- -----io---- -system-- -------cpu-------
 r  b   swpd   free   buff  cache   si   so    bi    bo   in   cs us sy id wa st gu
 6  0 5707120 26732584  43988 1689712  558  772 212471  1645 17902    8  4  1 92  4  0  0
 1  0 5707120 26694796  43988 1690012    0    0     0     0 1531 1817  0  0 99  0  0  0
 1  0 5707120 26677844  43988 1690080    0    0    48     0 4326 6259  1  1 99  0  0  0
 1  0 5707120 26672584  43988 1690084    0    0     0    52 2126 2672  0  0 99  0  0  0
 0  0 5707112 26686404  43988 1690080    8    0     8    44 2456 3611  1  0 99  0  0  0
 0  0 5707108 26694640  43996 1690084    4    0     4   188 2367 3176  1  1 99  0  0  0
 0  0 5707104 26721304  43996 1690088    4    0     8     0 2215 2691  0  1 99  0  0  0
 0  0 5707100 26721664  43996 1690084    0    0     0     4 1390 1809  0  0 99  0  0  0
 0  0 5707100 26729516  43996 1690088    0    0     0     0 2284 3024  1  0 99  0  0  0
 0  0 5707084 26719380  43996 1690092   16    0    16     0 3694 5008  1  1 99  0  0  0
 0  0 5707084 26706644  44004 1690088    0    0     0   120 1751 2663  0  0 99  0  0  0
 0  0 5707084 26694084  44004 1690092    0    0     0     0 3130 3501  1  1 99  0  0  0
 0  0 5707084 26704440  44004 1690104    0    0     0     0 4006 5740  1  1 99  0  0  0
 1  0 5707084 26714988  44004 1690100    0    0     0     4 1780 1956  0  1 99  0  0  0
 1  0 5707084 26701568  44004 1690104    0    0     0   236 2918 4192  0  1 98  0  0  0
 0  1 5707084 26698020  44028 1690104    0    0     8   452 2970 3710  0  1 99  0  0  0
 0  1 5707084 25865068  44036 2186284    0    0 488048   128 6585 8810  1  2 94  3  0  0
 0  1 5707084 25044324  44036 2972852    0    0 786824     0 9191 13246  1  1 94  4  0  0
 0  1 5707072 24269616  44036 3777756   12    0 804448     0 9349 13709  1  1 94  4  0  0
 0  1 5707068 23468216  44036 4587992    4    0 810372     8 8652 12576  1  1 95  4  0  0
 0  1 5707068 22292548  44036 5313536    0    0 725544    16 9710 13691  1  2 94  3  0  0
 1  0 5707068 20517024  44044 6492084    0    0 1178616   156 12220 18871  1  3 94  2  0  0
 1  0 5707068 17649072  44092 8413064    0    0 563152   184 12244 11528  1  7 92  1  0  0
 1  0 5707060 11675020  44092 14380740    8    0     8    48 3091 2841  0  5 94  0  0  0
 1  0 5707052 5669456  44092 20378556    8    0   208    16 2748 2503  0  5 94  0  0  0
 1  0 5708232 1374044  39580 25081884    0 1136     0  1144 7629 4483  1  5 94  0  0  0
 2  0 5711012 515108  32832 25497952    0 2664     0  2668 10630 3494  1  5 94  0  0  0
 0  5 5711284 628292  30276 24980084    0  276 226012   444 63345 116005  1  2 77 20  0  0
 0  2 5717892 1490780  24828 23997484  240 6720 271260  7008 83459 138296  1  2 76 21  0  0
 1  2 5717892 575744  24828 24021348    0    0 1331232     8 19581 16857  4  2 90  4  0  0
 1  0 5719416 742976  23884 23771072    0 1524 1212628  2208 16013 8003  6  1 91  3  0  0
 1  0 5719308 602176  24028 23774004  112    0 656128   112 8121 3605  5  2 92  1  0  0
 1  0 5720060 704400  23724 23650268    0  752  2012   752 5986 5930  3  4 93  0  0  0
 1  0 5720040 664208  23724 23650448   16    0 1638960   328 17173 6727  6  1 91  2  0  0
 1  0 5720040 651536  23724 23650444    0    0 1305880    80 13420 5222  6  1 91  2  0  0
 1  2 5720036 592836  23728 23650468    4    0 900852     8 11507 6705  5  2 92  2  0  0
 3  0 5720036 618208  23736 23650532    0    0 1085404   168 12286 5663  7  1 90  2  0  0
 1  0 5720036 632932  23736 23650528    0    0 1009668     0 11420 4551  8  3 89  1  0  0
 1  0 5720036 605124  23736 23650528    0    0 755396     0 9463 5209  5  1 92  2  0  0
 1  0 5719608 609704  23736 23655452  476    0 1362536     4 14818 5951  6  1 92  2  0  0
 1  0 5719600 589656  23736 23655456    0    0 755396     8 10205 6119  5  1 93  1  0  0
 2  2 5719600 600640  23744 23655676   92    0 1325644   132 14590 6559  7  3 88  1  0  0
 2  1 5719596 601540  23744 23655932    4    0 1369380     0 17888 9831 10  2 86  2  0  0
 1  2 5719596 605296  23748 23655932    0    0 385384    56 5787 2736  5  2 93  1  0  0
 1  0 5719592 609892  23748 23655932    4    0 1657200    28 17056 6472  6  1 91  2  0  0
 1  0 5719588 603936  23748 23655940    4    0 1869192     8 20522 9207  6  1 90  3  0  0
 5  0 5719588 608576  23756 23655944    0    0 210992   188 3869 2272  4  3 93  0  0  0
 3  0 5719548 625624  23760 23657528   48    0 1429460     0 15604 7403  8  2 88  2  0  0
 2  0 5719548 632448  23920 23657536    0    0 1408380   100 14878 5901  6  1 92  2  0  0
 7  0 5719548 591164  23920 23657532    0    0 1165092    16 12335 4824  5  2 92  1  0  0
 1  2 5719544 601220  23920 23657532    4    0 1804572     8 19432 9306  6  1 90  3  0  0
 1  0 5719544 606388  23920 23657536    0    0 1229572     0 13921 5726  6  1 92  1  0  0
 1  0 5719536 588908  24060 23657680    8    0   284     4 4571 4764  3  4 93  0  0  0
 1  0 5719496 625176  24068 23657688   52    0 2099780   208 20649 7525  6  1 90  2  0  0
 2  1 5719496 615756  24072 23657696    0    0 2005372     0 19885 7269  6  1 87  5  0  0
 2  1 5719476 599276  24072 23657760  140    0 362720     8 7337 5498  5  2 93  1  0  0
 1  0 5719444 602428  24072 23657760   12    0 1908208     8 19886 7360  6  1 91  2  0  0
 1  0 5719444 616920  24072 23658016    0    0 1920736     8 19317 7688  8  2 88  2  0  0
 1  0 5719444 576192  24080 23658112    0    0   100   152 2918 2415  4  3 93  0  0  0
 1  2 5719440 598528  24080 23658112    4    0 1612112     0 16151 6630  6  1 91  2  0  0
 2  1 5719440 628256  24084 23658104    0    0 1150592    28 13834 7158  6  1 92  2  0  0
 1  0 5719372 587364  24104 23658180   96    0 1001292   420 11150 4536  5  2 92  2  0  0
 9  0 5719368 609260  24104 23658204   16    0 1946116     0 22606 12029  9  3 87  2  0  0
 2  1 5719368 611540  24108 23658320    0    0 1430544    52 16681 8359  9  3 87  1  0  0
 1  0 5719368 617528  24112 23658504    0    0 643624   408 8114 4011  5  2 93  1  0  0
 0  9 5719568 685992  23644 23532532    0  200 1509400   244 20038 17593  6  2 79 13  0  0
 6 15 5719560 585852  23652 23532676   12    0 2435384   188 32219 49709  8  2 41 49  0  0
 0 16 5719556 585988  23652 23532680   32    0 2487324     0 31583 47201  8  2 36 55  0  0
 1 15 5719552 590796  23652 23532836    4    0 2132196     0 29118 61788  8  2 51 39  0  0
 0  3 5719552 590568  23652 23533152    0    0 1785668     0 26655 67614  9  2 62 27  0  0
 1  0 5719552 582548  23788 23533704    0    0 1703300    28 26460 75707  9  2 62 27  0  0
 2  2 5719552 582688  23796 23533984    0    0 1587256   144 24091 76738 10  2 65 24  0  0
 1  0 5719548 601392  23796 23534288   20    0 1831344     0 29416 82508 11  2 60 27  0  0
 3 14 5719544 593628  23808 23534680    4    0 1390100    56 21808 79998 10  1 69 19  0  0
 5  3 5719544 592912  23808 23534928    0    0 1114644     0 19279 80706  9  2 76 14  0  0
 1  0 5719544 586724  23812 23535584    0    0 1276944     8 22973 85406 10  1 73 16  0  0
 6  9 5719544 565060  23820 23535728    0    0 978048   180 17436 62906 14  2 72 12  0  0
 1  0 5719544 578184  23820 23535860    0    0 435068    16 11729 36865 14  2 79  5  0  0
 1  1 5719544 586700  23820 23536036    0    0 921068     4 16587 67054  9  1 78 12  0  0
 1 11 5719540 583252  23820 23536360    0    0 1099424     0 17893 73438  9  1 75 14  0  0
 1  0 5719540 592796  23820 23536476    0    0 1140916    12 21273 80219 10  1 73 16  0  0
 5  0 5719540 586740  23828 23536704    0    0 915812   144 18033 64892 13  2 72 13  0  0
 1 16 5719540 596400  23828 23536712    0    0 592096     0 14681 40040 16  2 74  8  0  0
 0  9 5719540 594252  23832 23536820    0    0 1335576     0 21305 82095 11  1 69 19  0  0
 1  0 5719540 6925524  23832 9303008    0    0 339072     0 8776 23372  4  4 88  4  0  0
