procs -----------memory---------- ---swap-- -----io---- -system-- -------cpu-------
 r  b   swpd   free   buff  cache   si   so    bi    bo   in   cs us sy id wa st gu
 5  0 5683192 26710652  76264 1578560  560  774 210227  1649 17874    8  4  1 92  4  0  0
 1  0 5683192 26705680  76264 1578908    0    0    60     8 2398 2921  1  0 99  0  0  0
 2  0 5683188 26720380  76264 1579000    4    0    92     0 3461 4678  1  1 99  0  0  0
 0  0 5683184 26711568  76264 1579096    4    0   104     0 3581 5005  1  0 99  0  0  0
 0  0 5683184 26699200  76272 1579096    0    0     0   200 2291 2703  0  0 99  0  0  0
 0  0 5683184 26698476  76272 1579100    0    0     0    12 2699 3417  1  0 99  0  0  0
 0  0 5683176 26688556  76272 1579104    0    0     0    12 1619 2071  1  0 99  0  0  0
 0  0 5683176 26710400  76272 1579352    0    0   244     4 3198 4350  1  1 99  0  0  0
 0  0 5683156 26705040  76272 1579348   44    0    44    12 2111 2855  0  0 99  0  0  0
 0  0 5683152 26719668  76272 1579348   16    0    16     0 1863 2342  0  1 99  0  0  0
 1  0 5683152 26721536  76280 1579348    0    0     0   144 2668 3440  1  1 99  0  0  0
 0  0 5683152 26718028  76280 1579344    0    0     0   192 2294 2811  0  1 99  0  0  0
 0  0 5683152 26714596  76280 1579352    0    0     0     0 2881 4029  1  1 99  0  0  0
 0  0 5683152 26717452  76280 1579336    0    0     0     4 3767 5331  1  1 99  0  0  0
 0  0 5683152 26712120  76280 1579340    0    0     0   324 2566 3264  1  1 99  0  0  0
 0  1 5683152 26729484  76288 1579336    0    0    76   188 2005 2370  0  1 99  0  0  0
 0  1 5683152 25926108  76288 2050624    0    0 463348    84 6803 8886  1  2 95  2  0  0
 0  1 5683152 25097228  76288 2831020    0    0 780316     0 10099 14832  1  1 94  4  0  0
 0  1 5683152 24318884  76288 3627932    0    0 796528     0 8887 12761  1  1 95  4  0  0
 0  1 5683148 23528792  76288 4433824    0    0 806020     0 9243 13378  1  1 94  4  0  0
 0  1 5683148 22371140  76296 5149036    0    0 715084   180 8622 11822  1  2 94  3  0  0
 0  1 5683148 20728828  76296 6319740    0    0 1170832     8 11519 18431  1  3 95  2  0  0
 2  0 5683136 17846332  76296 8234064   20    0 614656     0 13073 11417  1  6 92  0  0  0
 1  0 5683132 11872764  76296 14185552    4    0   380     0 4303 4504  1  5 94  0  0  0
 1  0 5683116 5850392  76296 20213668    8    0     8    28 2317 2839  0  5 94  0  0  0
 3  0 5683048 638276  76304 25403684   60    0    60   388 196185 2965  0  7 93  0  0  0
 1  0 5684212 706828  72348 25534168    4 1172    16  1192 64751 4001  1  5 93  0  0  0
 0  5 5687144 451844  60052 25068436    0 2724 181448  2724 59748 92513  1  2 80 17  0  0
 0  5 5688880 489460  49708 24864376    0 1520 291452  1520 84172 149891  1  2 75 23  0  0
 1  1 5692936 458588  40312 24031556    0 4060 863916  4060 26727 27065  3  2 90  4  0  0
 1  0 5692936 562132  40320 23778188    0    0 1703344   132 16949 6277  6  1 91  2  0  0
 1  0 5694652 548724  39808 23654544    0 1716 653344  1716 10714 5330  5  1 92  2  0  0
 4  0 5694644 509180  39808 23654628    8    0 884652    40 10806 5889  7  4 89  1  0  0
 1  0 5694644 514784  39808 23655188    0    0 1407700     4 19914 13185  9  3 86  2  0  0
 1  0 5694208 525972  40256 23657468  440    0 656060   360 9817 5629  5  2 92  1  0  0
 1  2 5694200 533692  40260 23658388    4    0 1336484     8 14749 6426  5  1 91  2  0  0
 2  1 5694196 515576  40268 23658644    4    0 1153928   284 12276 4690  6  1 92  2  0  0
 1  0 5694180 522700  40268 23658660   12    0 506740    12 7909 4329  4  3 92  0  0  0
 1  0 5694180 529236  40268 23658784    0    0 755396     0 10508 6594  4  3 93  1  0  0
 1  2 5694180 524232  40268 23658880    0    0 1119320     4 11636 4479  6  1 92  2  0  0
 1  0 5694180 508328  40284 23658860    0    0 993284   276 11659 5189  5  1 91  3  0  0
 1  2 5694180 518164  40284 23659156    0    0 686032     4 8787 4472  5  1 93  1  0  0
 2  0 5694180 538748  40284 23659156    0    0 1657192    12 16696 6124  8  3 87  1  0  0
 1  0 5694180 508292  40284 23659348    0    0 704288     4 13508 11060  7  3 89  1  0  0
 1  0 5694176 534960  40284 23659340    0    0 1689972    28 17337 6611  6  1 91  2  0  0
 1  2 5694176 546124  40292 23659468    0    0 1352316   832 14257 5842  6  1 91  2  0  0
 2  1 5694172 514280  40292 23659472    0    0 746428     0 9152 4203  5  2 91  3  0  0
 1  0 5694168 527844  40324 23659448    0    0 1409384   176 15253 6028  8  2 88  1  0  0
 1  0 5694168 529620  40324 23659480    0    0 1408240     0 15556 6740  7  1 90  2  0  0
 2  1 5694068 514948  40372 23659556  112    0 680176  1380 9074 4795  5  2 91  2  0  0
 2  1 5694068 516092  40372 23659772    0    0 1855784     8 18684 7201  6  1 90  3  0  0
 2  0 5694068 521868  40372 23659784    0    0 1663608     0 16753 6245  6  1 89  5  0  0
 3  0 5694064 516888  40372 23659788    4    0     4     8 3352 3245  3  4 94  0  0  0
 2  1 5694064 527908  40372 23659788    0    0 1795776     0 23439 13284  7  3 87  3  0  0
 2  1 5694064 533928  40380 23659788    0    0 1731188   184 17183 6295  6  1 91  2  0  0
 1  0 5693456 500964  40380 23659788  680    0 826616     8 10768 5651  5  2 93  1  0  0
 2  0 5693456 516156  40380 23659792    0    0 2022912     0 20471 7988  6  1 91  2  0  0
 3  0 5693452 528044  40380 23659788    0    0 1369820    20 14132 5360  7  1 91  1  0  0
 1  0 5693452 511888  40380 23659788    0    0 550668     0 8565 5678  6  3 91  0  0  0
 1  0 5693452 521860  40380 23659792    0    0 1613136     0 16600 6320  6  1 91  2  0  0
 2  1 5693448 535044  40388 23659792    4    0 1968368   132 18975 6833  6  1 90  3  0  0
 2  1 5693448 512528  40388 23659788    0    0 940784   436 10830 4990  5  2 93  1  0  0
 3  0 5693448 512224  40388 23659792    0    0 1187632     4 13470 6588  8  3 88  1  0  0
 1  0 5693448 524296  40388 23659788    0    0 2073988    20 24538 13015  9  2 87  2  0  0
 2  1 5693348 536992  40388 23659908   80    0 916276    32 10808 4749  5  2 92  2  0  0
 2 15 5693348 457252  40400 23660212    0    0 1303736   172 18520 25085  6  2 66 26  0  0
 1 16 5693344 639704  40272 23406984    0    4 2492268     4 32258 52578  8  2 43 47  0  0
 2 15 5693340 639760  40276 23406992    4    0 2576076   356 32631 51566  8  2 37 53  0  0
 5  9 5693336 626040  40276 23407220    4    0 2164668     8 31376 70809  9  2 55 34  0  0
 4  0 5693336 599676  40276 23407400    0    0 1890108     0 26874 69210  9  2 61 29  0  0
 1  0 5693336 614288  40284 23407648    0    0 1591396   248 25338 79843 10  2 65 24  0  0
 5  5 5693336 601104  40284 23408084    0    0 1483732     0 23494 80587 10  1 69 20  0  0
 3  2 5693336 614508  40284 23408312    0    0 1797468    32 27702 84863 11  1 64 24  0  0
 1  5 5693332 630460  40284 23408840    4    0 1279168     4 22965 82443 10  1 73 16  0  0
 6  5 5693328 641964  40284 23408852    0    0 1158844    32 19722 83267 10  1 76 13  0  0
 5  6 5693328 623480  40292 23409096    0    0 1294200   156 21842 83045 10  1 72 16  0  0
 1  0 5693328 597856  40292 23409332    0    0 919712   284 16465 71313  9  1 80 10  0  0
 1  2 5693328 598904  40292 23409648    0    0 1158736     4 19241 74347 10  1 75 14  0  0
 1  6 5693328 621768  40292 23409960    0    0 1074940    28 19166 77047 10  1 76 13  0  0
 5  6 5693328 615544  40292 23410164    0    0 1204232     8 20613 80971 10  1 73 16  0  0
 1  0 5693328 613956  40300 23410364    0    0 1317596   144 21984 85689 12  1 71 16  0  0
 5  0 5693328 596720  40300 23410492    0    0 1357032     8 21552 82901 12  1 69 18  0  0
 7  0 5693328 6765092  40300 21074324    0    0 29796     0 4882 4732  1  6 93  1  0  0
 2  0 5693324 10851600  40300 2567728    4    0   184     4 8476 9285  2  7 91  0  0  0
