procs -----------memory---------- ---swap-- -----io---- -system-- -------cpu-------
 r  b   swpd   free   buff  cache   si   so    bi    bo   in   cs us sy id wa st gu
 2  0 5683836 25967344  78608 2295060  560  775 210011  1650 17866    8  4  1 92  4  0  0
 0  0 5683832 25997524  78608 2295108    4    0     4     8 2672 3326  0  0 99  0  0  0
 0  0 5683832 25966044  78608 2295096    0    0     0     4 1846 2647  0  0 99  0  0  0
 0  0 5683832 25962204  78608 2295100    0    0     0     0 2650 3254  0  0 99  0  0  0
 0  0 5683824 25962584  78608 2295100    8    0     8   300 3688 4900  1  1 99  0  0  0
 0  0 5683820 25947836  78616 2295100    4    0     4   468 1824 1806  0  0 99  0  0  0
 0  0 5683820 25951816  78616 2295100    0    0     0     8 2662 3279  0  1 99  0  0  0
 0  0 5683808 25951536  78640 2295108   28    0    28   264 3181 4676  1  1 99  0  0  0
 0  0 5683804 25975792  78640 2295108    0    0     0     0 1599 1918  1  1 99  0  0  0
 0  0 5683804 25991536  78640 2295108    0    0     0    12 2427 3147  0  1 99  0  0  0
 0  0 5683804 25993036  78640 2295108    0    0     0     0 1926 2211  0  0 99  0  0  0
 0  0 5683804 25971096  78640 2295104    0    0     0     8 1456 1673  0  0 99  0  0  0
 0  0 5683804 25973424  78640 2295120    0    0     0     0 3916 5495  1  1 99  0  0  0
 0  0 5683804 25963000  78648 2295128    0    0     0   164 1791 2160  1  1 99  0  0  0
 0  0 5683804 25944340  78648 2295124    0    0     0     0 4503 5551  1  1 99  0  0  0
 1  0 5683804 25938548  78648 2295128    0    0     0    64 2727 3421  0  1 99  0  0  0
 1  0 5683800 25189848  78648 2810724   12    0 507412   232 7162 10107  1  2 94  3  0  0
 0  1 5683800 24365692  78648 3594524    0    0 783676     8 9444 14039  1  1 94  4  0  0
 0  1 5683788 23610396  78656 4383712   36    0 789348   184 9504 14186  1  1 94  4  0  0
 0  1 5683788 22782956  78656 5183628    0    0 800044    12 8335 12571  1  1 94  4  0  0
 1  1 5683764 21629932  78656 5897188   24    0 713316     0 7989 10931  1  2 94  3  0  0
 1  0 5683760 19944884  78672 7074944    4    0 1177616   324 12429 19706  1  3 94  2  0  0
 1  0 5683760 16926196  78696 9025496    0    0 574444   164 12248 9537  1  7 92  0  0  0
 1  0 5683740 11073756  78696 14887632   20    0    20     0 2640 2056  0  5 94  0  0  0
 1  0 5683740 5185716  78696 20770488    0    0     0    20 4961 5850  0  5 94  0  0  0
 1  0 5683740 892728  78696 25574152    0    0     0    52 2918 2699  0  5 94  0  0  0
 1  0 5683740 396484  78696 25544388    0    0     0     8 3164 2935  1  5 94  0  0  0
 1 14 5683740 1161360  78696 24034812    0    0 2213268     0 30897 26210  2  3 52 43  0  0
 0 16 5683732 1133156  78704 24034812    0    0 2038144   168 25622 20308  2  2 29 67  0  0
 0 16 5683732 1129112  78704 24034812    0    0 1943476     4 23982 17896  2  2 30 67  0  0
 0 16 5683732 1125516  78704 24034812    0    0 2063948     0 26181 18424  2  2 28 68  0  0
 0 16 5683732 1093600  78704 24034812    0    0 2768336     8 33275 21213  3  2 29 66  0  0
 1 15 5683732 1066012  78704 24034808    0    0 3463740     0 40823 24643  3  3 30 64  0  0
 0 16 5683732 1074460  78712 24034812    0    0 3280256   108 38752 24978  3  3 30 64  0  0
 0  0 5683732 843084  78712 24035636    0    0 1575260     4 24868 59822 11  2 60 26  0  0
 2 12 5683732 849568  78712 24036584    0    0 1977076    96 27922 71938 11  2 51 35  0  0
 0  4 5683732 864848  78728 24037208    0    0 1752344   176 26399 62604  8  2 62 28  0  0
 2 10 5683724 852640  78736 24037948   16    0 1755524    24 27068 71982  8  2 65 26  0  0
 1  0 5683716 858468  78736 24039384    0    0 1647872   332 24713 76362  9  1 66 24  0  0
 2  2 5683712 868336  78736 24040756    4    0 1679940     0 26045 76259 10  2 62 27  0  0
 2  0 5683712 877052  78736 24041740    0    0 1751600    36 26390 78765  9  2 63 26  0  0
 0  2 5683708 849500  78736 24043708    0    0 1469540     8 22863 78024  9  2 69 20  0  0
 2 15 5683704 854064  78744 24045304    0    0 1351224   180 24944 86099 10  2 71 17  0  0
 2  5 5683700 841364  78752 24047144    0    0 1174312    96 20419 82173  9  2 76 14  0  0
 1  0 5683700 843808  78752 24049396    0    0 982972     4 19566 75090  8  1 80 10  0  0
 1  0 5683700 858204  78752 24051232    0    0 1175576    60 20729 73521  9  1 75 15  0  0
 5  0 5683700 835916  78752 24052868    0    0 939276     8 17479 77801  9  1 80  9  0  0
 1  0 5683688 839680  78752 24054852    8    0 939588     0 18508 77732 10  1 80  9  0  0
 4  2 5683684 832684  78760 24056812    8    0 659304   344 15044 68420  8  1 84  6  0  0
 8  0 5683684 818740  78784 24058916    0    0 595264    72 12757 60229  9  2 82  7  0  0
 6  5 5683684 842864  78784 24059552    0    0 404520    36 10495 29010 15  2 78  5  0  0
 0  3 5683680 833820  78784 24061020    0    0 1013600     8 18888 77402 10  1 78 11  0  0
 1  0 5683676 825884  78784 24061900    4    0 1359496     0 23062 79014 10  1 71 18  0  0
 1  3 5683612 841104  78784 24063100   68    0 1457092     8 22645 78892 10  2 69 20  0  0
 1  3 5683448 847744  78792 24064460  208    0 1046316   160 21469 81434  9  2 77 12  0  0
 1  0 5682848 874944  78792 24065708  524    0 1164304    84 19886 76404  9  1 75 14  0  0
 1  0 5682848 878436  78792 24067432    0    0 1100032    12 19075 74574  9  1 76 13  0  0
 5 13 5682844 886996  78792 24068448    4    0 1014360     0 20282 80005 10  1 77 12  0  0
 5  0 5682840 868468  78792 24069984    0    0 1239844     0 20170 79699  9  1 74 15  0  0
 6  0 5682836 859148  78800 24071276   16    0 950600   168 16235 64403  9  1 78 12  0  0
 1  6 5682836 852580  78800 24071784    0    0 415136    12 12498 30396 15  3 78  5  0  0
 1  0 5682832 834412  78800 24073276    0    0 1048672     8 18129 75273  8  2 78 12  0  0
 2  0 5682832 830564  78800 24075184    0    0 869688     0 17410 78200  9  1 80 10  0  0
 1  0 5682828 2052948  78800 24074896    0    0 941976     0 17697 71920  9  1 79 11  0  0
 1  0 5682828 10841036  78816 3231348    0    0     0   388 5509 6083  0  5 94  0  0  0
