procs -----------memory---------- ---swap-- -----io---- -system-- -------cpu-------
 r  b   swpd   free   buff  cache   si   so    bi    bo   in   cs us sy id wa st gu
 2  0 5735316 26332576  39332 2097696  559  774 211135  1648 17882    8  4  1 92  4  0  0
 0  0 5735316 26335080  39580 2097732    0    0     4  1048 2854 3635  1  0 98  1  0  0
 0  0 5735308 26334016  39820 2097916    8    0   188  1060 3863 5537  1  1 98  1  0  0
 0  0 5735304 26336884  40060 2098040   16    0   128  1748 2268 2926  1  0 98  1  0  0
 0  0 5735292 26337576  40300 2098004   12    0    12  1180 4341 6401  1  1 98  0  0  0
 0  0 5735288 26306120  40548 2098012   12    0    12  1532 2691 3462  0  1 98  1  0  0
 0  1 5735288 26311000  40772 2098028    0    0     0  1132 1710 2498  0  1 98  1  0  0
 0  0 5735240 26305980  40916 2098120   48    0    72   664 4135 29179  1  1 97  1  0  0
 2  0 5735208 26301252  40916 2099124   28    0   980     0 2324 3291  1  0 99  0  0  0
 0  0 5735208 26314324  40916 2099124    0    0     0     0 1942 2348  0  0 99  0  0  0
 0  0 5735208 26337784  40916 2099124    0    0     0     8 1918 2489  1  1 99  0  0  0
 0  0 5735208 26334744  40916 2099124    0    0     0     8 2276 2899  0  1 99  0  0  0
 0  0 5734356 26319920  40924 2099196    0    0    68   152 3775 5330  1  1 98  0  0  0
 0  0 5734352 26318220  40924 2099192    0    0     0     0 2107 2636  1  0 99  0  0  0
 0  0 5734352 26290168  40924 2099272    0    0    72     0 3844 5404  1  1 99  0  0  0
 1  0 5734348 26275936  40924 2099272    0    0     0    84 1573 2186  0  0 99  0  0  0
 0  1 5734340 25516004  40924 2599812   12    0 492612     8 7021 9534  1  2 94  3  0  0
 0  1 5734340 24713176  40932 3380876    0    0 781056   172 9984 14651  1  1 94  4  0  0
 1  0 5734336 23912928  40932 4178736    0    0 797612     8 8975 13073  1  2 94  4  0  0
 1  0 5734336 23093920  40932 4984048    0    0 805420     8 9206 13714  1  1 95  4  0  0
 0  1 5734336 21956088  40932 5700908    0    0 716748    28 8625 11858  1  2 94  3  0  0
 1  0 5734332 20278228  40932 6884400    4    0 1183372   216 12096 19422  1  3 94  2  0  0
 1  0 5734332 17636328  40940 8772976    0    0 569232   164 11620 11546  2  7 92  0  0  0
 1  0 5734328 11657068  40940 14722824    0    0    88     0 2729 2526  0  5 94  0  0  0
 1  0 5734272 5666600  40940 20704976   56    0    56     4 4169 4538  0  5 94  0  0  0
 1  0 5734272 1180044  40932 25348664    0    0     0    72 3722 3414  1  5 94  0  0  0
 2  0 5734272 1019784  40932 25421696    0    0     0     8 3989 3973  1  6 93  0  0  0
 2  0 5734272 801628  40940 24889004    0    0  8776   164 6165 8850  2  4 92  2  0  0
 0  3 5733908 1633616  40940 23710652  384    0 2745664     0 32721 24411  3  2 39 56  0  0
 1 15 5733908 1590740  40940 23710776    0    0 2194352     0 27119 21253  2  2 29 67  0  0
 2 14 5733908 1571800  40940 23710772    0    0 2034764    24 25137 17863  2  1 29 68  0  0
 1 15 5733908 1578092  40940 23710868    0    0 1945740     8 24094 17342  2  1 28 68  0  0
 1 15 5733892 1562944  40948 23711104    0    0 3312552   160 39930 25484  3  2 30 65  0  0
 1 15 5733892 1536716  40948 23711100    0    0 3309024     4 38108 23257  3  2 31 65  0  0
 8 13 5733892 1387056  40948 23711380    0    0 2926704     0 36078 31800  6  2 42 50  0  0
 5  0 5733888 1297816  40948 23712404    0    0 1667948   316 25743 75475 12  2 56 30  0  0
 0 15 5733888 1317976  40948 23713180    0    0 1870348   348 26714 67373 10  1 55 33  0  0
 2  0 5733876 1320552  40956 23713712   16    0 1765956   184 25670 62417  7  2 63 29  0  0
 1  0 5733868 1332328  40956 23714744    0    0 1586420     0 25048 74496  8  1 67 23  0  0
 1 10 5733868 1330648  40956 23716128    0    0 1722328     0 25676 79668 10  2 63 26  0  0
 7  0 5733860 1325472  40956 23717528   16    0 1779736     0 27455 79766 10  2 61 27  0  0
 1  0 5733860 1312272  40980 23719236    0    0 1633608   368 25909 82838  9  2 66 23  0  0
 5  0 5733860 1323748  40980 23720516    0    0 1385012     0 22560 76968  9  2 69 21  0  0
 1  0 5733860 1313760  40980 23722692    0    0 1349656     0 22865 83607  9  1 71 18  0  0
 0  2 5733860 1291868  40980 23724524    0    0 1027340     0 20422 84147  9  1 79 11  0  0
 1 14 5733856 1327584  40980 23726944    8    0 997464     0 17616 71963  8  1 79 11  0  0
 1  0 5733856 1313144  40988 23728332    0    0 1245924   164 20848 77598  9  2 74 15  0  0
 1  3 5733852 1295284  40988 23730236    4    0 890252     0 17397 81638  9  1 82  8  0  0
 4  3 5733844 1299848  41004 23732552    8    0 821352   164 16523 72150  9  1 81  9  0  0
 2  0 5733828 1286028  41004 23734728   12    0 698116     0 14512 70025  8  1 83  7  0  0
 0  9 5733828 1286384  41004 23736472    0    0 823308     0 15966 69659  9  1 80 10  0  0
 1 13 5733828 1280136  41004 23737564    0    0 1040940    16 18499 74957  9  1 78 12  0  0
 1  0 5733828 1265936  41004 23738932    0    0 1329344     0 21721 78357  9  2 70 18  0  0
 5  9 5733828 1290188  41012 23739928    0    0 1470084   448 24260 83833 10  1 70 19  0  0
 2  1 5733828 1269848  41012 23741452    0    0 1011828     4 19454 78588  9  1 78 11  0  0
 1  0 5733784 1283420  41012 23742948   40    0 1314320    24 22675 80225 10  1 72 17  0  0
 1  0 5733784 1326668  41012 23744312    0    0 942512    44 17920 76151  9  1 80 10  0  0
 1  0 5733784 1315956  41012 23746228    0    0 1095980     0 18254 76727  9  1 76 13  0  0
 2  3 5733776 1295848  41020 23746836    4    0 1285400   164 22305 87788 10  1 75 14  0  0
 2  4 5733776 1287332  41020 23749052    0    0 1053608     0 18703 71769  8  1 77 13  0  0
 2  5 5733776 1284508  41020 23749788    0    0 1081292     0 18660 76294  9  1 78 12  0  0
 0  4 5733776 1259236  41020 23752348    0    0 887344    24 17493 79861  9  1 80  9  0  0
 1  0 5733776 1263328  41020 23753492    0    0 969380     0 18023 74423  8  1 79 12  0  0
 2  0 5733776 6506940  41028 21420340    0    0    48   132 6569 5937  2  6 92  0  0  0
 3  0 5733776 13782588  41028 2913688    0    0     0     8 4892 5453  1  6 94  0  0  0
