procs -----------memory---------- ---swap-- -----io---- -system-- -------cpu-------
 r  b   swpd   free   buff  cache   si   so    bi    bo   in   cs us sy id wa st gu
 3  0 5704140 25881924  48408 2487924  559  773 212257  1645 17900    8  4  1 92  4  0  0
 0  0 5703808 25871036  48408 2487964  368    0   368     0 2774 3250  1  0 99  0  0  0
 0  0 5703732 25876504  48488 2488128   68    0   120  2120 2746 3551  0  1 99  0  0  0
 0  0 5703728 25878992  48488 2488128    4    0     4     4 1556 1995  0  0 99  0  0  0
 0  0 5703724 25891784  48488 2488132    0    0     0     0 3145 4343  1  1 99  0  0  0
 1  0 5703720 25898176  48488 2488132    4    0     4     0 3971 5839  1  1 99  0  0  0
 0  0 5703620 25906440  48488 2488132  112    0   112    32 1933 2389  1  0 99  0  0  0
 0  0 5703620 25908972  48496 2488136    0    0     0   188 2166 2718  0  1 99  0  0  0
 0  0 5703620 25901600  48496 2488136    0    0     0     4 2408 2953  0  0 99  0  0  0
 0  0 5703616 25880064  48496 2488132    4    0     4     0 2692 3686  0  1 99  0  0  0
 0  0 5703616 25876328  48496 2488136    0    0     0     0 2117 2859  0  1 99  0  0  0
 0  0 5703616 25874324  48496 2488136    0    0     0   620 2737 3673  1  1 99  0  0  0
 0  0 5703616 25888024  48496 2488136    0    0   120    28 2079 2780  1  1 99  0  0  0
 1  0 5703616 25900112  48504 2488320    0    0     0   124 2015 2631  0  0 99  0  0  0
 1  0 5703612 25895724  48504 2488320    4    0     4     4 3355 4840  1  1 99  0  0  0
 0  1 5703612 25892680  48504 2488316    0    0     4     0 3574 4852  1  1 99  0  0  0
 0  1 5703612 25088904  48504 2990736    0    0 494284    32 6914 9145  1  2 94  3  0  0
 1  1 5703612 24261200  48504 3784516    0    0 793716    72 9073 13123  1  1 94  4  0  0
 0  1 5703612 23529656  48512 4576044    0    0 791524   204 8494 12455  1  1 95  4  0  0
 0  1 5703604 22709712  48512 5381888   24    0 805872     0 10140 14719  1  1 94  4  0  0
 0  1 5703600 21538052  48512 6118012    0    0 736248     4 8520 11929  1  2 94  3  0  0
 2  0 5703600 19553892  48512 7279112    0    0 1161048     4 12433 15815  1  4 94  1  0  0
 1  0 5703600 16551340  48512 9404648    0    0 563104     4 17687 10691  1  6 93  0  0  0
 1  0 5703600 10697868  48520 15277792    0    0     0   132 3341 3186  0  5 94  0  0  0
 2  0 5703600 4796400  48520 21194904    0    0     0     0 3137 2736  0  5 94  0  0  0
 1  0 5703596 1154472  48516 25328448    0    0     0     4 6017 7353  1  6 94  0  0  0
 1  0 5703596 339656  48516 25590624    0    0     0    32 2994 3191  1  5 94  0  0  0
 1 15 5703596 336764  48516 24968272    0    0 2465824   332 31446 25233  3  2 48 47  0  0
 1  0 5703596 413620  48540 24841544    0    0 1963532   264 24840 19834  2  1 29 68  0  0
 1 15 5703596 395212  48540 24841552    0    0 2013380     0 25365 19968  2  2 29 68  0  0
 1  0 5703596 398052  48540 24841552    0    0 2014536    12 26355 18533  2  1 28 69  0  0
 1 15 5703596 399984  48540 24841556    0    0 2936488     0 34633 22042  3  2 30 65  0  0
 1 10 5703596 387632  48540 24841556    0    0 3652652     4 42351 26054  3  2 31 64  0  0
 5  0 5703596 342504  48548 24841556    0    0 3279208   228 37712 22258  3  2 33 62  0  0
 5 16 5703596 1202264  48552 23828700    0    0 1379260     0 21241 67833 12  2 63 23  0  0
 1  0 5703588 1192220  48552 23829624   12    0 1892908     0 30191 74911 11  2 53 34  0  0
 1  0 5703588 1194636  48552 23830028    0    0 1822156    32 25501 60473  8  2 61 30  0  0
 5  0 5703588 1206204  48552 23831044    0    0 1677424     4 25211 72288  8  2 67 24  0  0
 5  3 5703588 1200924  48560 23832392    0    0 1713736   192 25770 76019  9  2 62 27  0  0
 2  0 5703584 1201752  48560 23832820    0    0 1702744     0 25001 76174  9  2 63 26  0  0
 0  5 5703584 1191908  48560 23835316    0    0 1685408     0 27312 82862  9  2 65 24  0  0
 0 13 5703584 1191948  48560 23836340    0    0 1420864     0 23199 79820  9  2 71 19  0  0
 5  7 5703584 1191556  48560 23838456    0    0 1370712     4 22887 82896 10  1 71 18  0  0
 1  0 5703584 1186164  48568 23840884    0    0 1134476   128 19969 83482  9  2 77 13  0  0
 5  0 5703584 1178648  48568 23842824    0    0 956264   280 17808 72306  8  1 80 10  0  0
 1  0 5703584 1157652  48568 23844460    0    0 1199716     8 22790 78084  9  2 74 15  0  0
 2  5 5703584 1156900  48568 23846548    0    0 928488    36 18152 80116 10  1 80  9  0  0
 1  0 5703584 1152232  48568 23847860    0    0 896576     4 17083 73464  9  1 80 10  0  0
 5  0 5703236 1157572  48576 23850608  400    0 675560   184 14387 69154  8  1 84  6  0  0
 1  0 5703236 1136760  48576 23852260    0    0 766480     0 15495 69230  9  1 81  9  0  0
 1  8 5703236 1139840  48576 23854192    0    0 1047088     0 19374 79957 10  1 78 12  0  0
 2  3 5703236 1132284  48576 23854996    0    0 1365400     0 21085 76869  9  1 70 19  0  0
 5  0 5703236 1156228  48576 23855804    0    0 1440092     8 23027 80092 10  1 70 19  0  0
 6  6 5703236 1173976  48584 23856984    0    0 1070952   148 19411 77242  9  1 78 12  0  0
 1  0 5703236 1168448  48584 23858588    0    0 1009940     0 18068 66109 11  2 76 11  0  0
 1  0 5703236 1176416  48584 23859336    0    0 539452     4 19308 43370 19  4 70  7  0  0
 1  0 5703236 1162196  48584 23860620    0    0 983016    36 18350 76072  9  1 79 11  0  0
 1  0 5703236 1153484  48584 23861744    0    0 1105788     4 18893 76001  9  1 77 13  0  0
 2  6 5703236 1142936  48592 23863020    0    0 1279388   176 21153 85505 10  1 75 14  0  0
 0  8 5703232 1134280  48592 23864904    0    0 1039736   348 18346 69423  8  1 78 12  0  0
 1  0 5703232 1138992  48592 23866088    0    0 1059004     0 19350 79599  8  1 79 11  0  0
 1  0 5703232 1138468  48592 23868160    0    0 873264     0 17808 78418 10  1 80  9  0  0
 1  0 5703228 4873184  48616 22315596    0    0 861844   400 16168 64131  8  2 80 10  0  0
 1  0 5703228 15019428  48616 3029684    0    0     0    16 3525 3035  0  5 94  0  0  0
