procs -----------memory---------- ---swap-- -----io---- -system-- -------cpu-------
 r  b   swpd   free   buff  cache   si   so    bi    bo   in   cs us sy id wa st gu
 2  0 5736256 26195688  28232 2186708  560  774 210974  1648 17879    8  4  1 92  4  0  0
 0  0 5736256 26191348  28232 2186736    0    0     0     8 1636 2169  1  0 99  0  0  0
 0  0 5736232 26208588  28232 2186740   28    0    28     8 2171 2967  1  0 99  0  0  0
 0  0 5736232 26201788  28232 2186868    0    0   124     0 2235 2849  1  0 99  0  0  0
 0  0 5736232 26209592  28240 2186868    0    0     0   176 1851 2151  0  0 99  0  0  0
 0  0 5736228 26222104  28240 2186868    0    0     0   564 4182 5057  1  1 99  0  0  0
 0  0 5736220 26252728  28240 2186872    8    0    12     8 2354 3297  1  0 99  0  0  0
 1  0 5736220 26272224  28240 2186872    0    0     0    12 1635 2104  0  0 99  0  0  0
 0  0 5736220 26259376  28240 2186876    0    0     0     4 3857 5515  1  1 99  0  0  0
 1  0 5736220 26243676  28240 2186880    0    0     0     0 2247 3136  0  1 99  0  0  0
 0  0 5736220 26243404  28248 2186936    0    0    60   180 2783 3700  1  1 99  0  0  0
 0  0 5736220 26234652  28248 2186984    0    0    44     8 2338 3087  1  0 99  0  0  0
 1  0 5736216 26261972  28248 2186984    0    0     0   200 2378 2953  0  1 99  0  0  0
 0  0 5736216 26265440  28248 2186980    0    0     0     0 1429 1680  0  0 99  0  0  0
 0  0 5736216 26259844  28248 2186984    0    0     0     0 2172 2989  0  0 99  0  0  0
 1  0 5736196 26261956  28256 2187076   16    0   108   168 3339 4547  1  1 98  0  0  0
 0  1 5736196 25491744  28256 2685872    0    0 490792     8 6699 8915  1  2 94  2  0  0
 0  1 5736196 24647340  28256 3479088    0    0 793020    24 9372 13466  1  1 94  4  0  0
 0  1 5736196 23847888  28256 4275464    0    0 796376     0 11117 15771  1  1 94  4  0  0
 2  0 5736196 23033084  28256 5082544    0    0 807340    44 8620 12366  1  1 95  4  0  0
 1  1 5736196 21891532  28264 5818408    0    0 735608   176 9646 13325  1  2 94  3  0  0
 1  0 5736196 20037960  28264 6977992    0    0 1159776     8 12137 19013  1  3 95  2  0  0
 1  0 5736196 16996444  28272 9218472    0    0 563108   144 10486 6456  1  6 92  0  0  0
 1  0 5736196 11051260  28272 15175312    0    0    60     0 2727 2654  0  5 94  0  0  0
 1  0 5736196 5029344  28272 21165128    0    0     0   304 2778 2553  0  5 94  0  0  0
 1  0 5736188 1315396  28272 25205440    4    0    88     0 137157 3427  0  7 93  0  0  0
 1  0 5736180 370968  28272 25740056   12    0    88    16 3255 3886  1  4 94  0  0  0
 1 15 5736180 420564  28280 24986588    0    0 2260440   196 28932 22647  2  3 49 46  0  0
 1 15 5736180 406548  28280 24986588    0    0 2032588     4 26902 22184  2  1 29 67  0  0
 0 16 5736180 397208  28280 24986588    0    0 1972028    40 24529 18023  2  2 29 67  0  0
 1 15 5736180 397408  28280 24986584    0    0 2363704     0 29754 20934  2  2 30 66  0  0
 0 16 5736176 776508  28280 24606108    4    0 3446004     8 39537 22664  3  2 31 63  0  0
 1 12 5736168 647292  28288 24606396    0    0 2874160   204 34545 30875  5  2 40 52  0  0
 2  4 5736168 517776  28288 24606664    0    0 1949456     0 28238 74983 12  2 52 34  0  0
 4  1 5736160 524332  28288 24607132    4    0 1912436     0 27406 73944 11  2 56 31  0  0
 5  0 5736156 482988  28304 24608820    0    0 1462944   340 24969 70496  9  2 69 21  0  0
 1  6 5736156 486336  28304 24610608    0    0 1556192     8 24808 79516  9  1 68 21  0  0
 3  0 5736156 470116  28320 24612288    0    0 1475212   152 23111 85963  9  2 71 19  0  0
 1  6 5736156 475884  28344 24613960    0    0 1286268   132 23454 81329  9  1 72 17  0  0
 5  0 5736156 485020  28344 24616372    0    0 915876    40 17719 87238 10  1 80  9  0  0
 2  0 5736156 484648  28344 24618392    0    0 1075824     0 19347 82244 10  1 76 13  0  0
 1  0 5736156 471892  28344 24620612    0    0 871916   252 17473 70878  8  1 81 10  0  0
 6  2 5736156 453804  28344 24621316    0    0 1741812     0 25754 77567 11  2 60 28  0  0
 1  0 5736156 471720  28352 24621328    0    0 1516492   172 23563 84456 11  1 65 22  0  0
 1  0 5736156 466128  28352 24621348    0    0 1309084     0 21869 91239 12  2 69 17  0  0
 4 14 5736156 472116  28352 24621560    0    0 1599768     0 24397 78581 12  2 60 27  0  0
 6  0 5736156 464696  28352 24621892    0    0 675684     8 15917 63765 17  2 73  8  0  0
 1  6 5736156 456296  28352 24622092    0    0 614892     0 14161 44681 16  2 73  9  0  0
 1  0 5736156 679696  28360 24620572    0    0 1748048   152 28620 84615 11  2 60 27  0  0
 1  0 5736156 9182676  28360 3781876    0    0     0    44 3536 2750  0  5 95  0  0  0
