procs -----------memory---------- ---swap-- -----io---- -system-- -------cpu-------
 r  b   swpd   free   buff  cache   si   so    bi    bo   in   cs us sy id wa st gu
 2  0 5716028 26159732  47804 2241660  559  773 212096  1646 17893    8  4  1 92  4  0  0
 0  0 5716028 26133252  47804 2241688    0    0     0     0 2596 2871  0  0 99  0  0  0
 1  0 5716024 26124592  47804 2241696    8    0     8    52 1611 2410  0  0 99  0  0  0
 1  0 5716020 26108956  47804 2241696    4    0     4     8 3604 4852  1  1 99  0  0  0
 0  0 5716020 26141188  47812 2241696    0    0     0   196 2213 2787  0  0 99  0  0  0
 0  0 5716020 26124020  47812 2241696    0    0     0     4 1697 2178  0  1 99  0  0  0
 0  0 5716020 26116024  47812 2241700    0    0     0     0 3267 3538  1  1 98  0  0  0
 0  0 5716020 26133120  47812 2241700    0    0     0     4 2204 2644  0  1 99  0  0  0
 0  0 5716020 26154600  47812 2241696    0    0     0     8 3144 4247  1  1 99  0  0  0
 0  0 5716016 26161812  47820 2241700    0    0     0   124 2221 2863  0  0 99  0  0  0
 1  0 5716012 26156152  47820 2241700    0    0     0     4 3683 5450  1  1 99  0  0  0
 0  0 5716012 26158824  47820 2241696    0    0     0     0 1508 1800  0  0 99  0  0  0
 3  0 5716012 26170664  47820 2241704    0    0     0    52 2264 2620  0  0 99  0  0  0
 2  0 5716012 26179168  47820 2241708    0    0     0    12 2824 4109  1  1 99  0  0  0
 0  0 5716012 26180272  47828 2241756    0    0    64   140 2339 2710  1  1 99  0  0  0
 1  0 5716004 26182504  47860 2241760   28    0    28    96 2113 2614  1  1 99  0  0  0
 0  1 5716004 25371552  47860 2754072    0    0 504372   180 6989 9384  1  2 94  2  0  0
 0  1 5716004 24549208  47860 3544724    0    0 790400   264 8455 12446  1  1 95  4  0  0
 0  1 5716004 23756576  47860 4343752    0    0 799028     8 9345 13553  1  1 95  4  0  0
 1  0 5716004 22940460  47860 5153956    0    0 810200     0 10710 15542  1  1 94  4  0  0
 0  1 5716004 21722528  47868 5887776    0    0 733820   184 10385 13848  1  2 94  3  0  0
 1  0 5716000 19846840  47884 7032312    0    0 1144884   148 11788 19007  1  3 94  1  0  0
 2  0 5715956 16921912  47892 9430732   56    0 563216   156 10861 8477  1  7 92  0  0  0
 1  0 5715956 11001304  47892 15356316    0    0     0     8 2335 2102  1  5 94  0  0  0
 1  0 5715956 5011308  47892 21339220    0    0     0     4 3855 4378  0  5 94  0  0  0
 2  0 5715956 1150128  47892 25286588    0    0     0     0 2841 3034  0  5 94  0  0  0
 0  5 5715956 330532  47892 25416448    0    0  3244    44 3875 4244  1  4 94  1  0  0
 1 15 5715956 1062788  47900 24280920    0    0 2493580   156 30804 23569  3  3 41 54  0  0
 2 14 5715956 1054972  47900 24281024    0    0 1960656     8 25033 19974  2  1 30 66  0  0
 0 16 5715956 1022952  47900 24281028    0    0 1991768   336 25548 18815  2  2 28 68  0  0
 2 14 5715956 1025400  47900 24281244    0    0 2567488     0 32618 23202  3  2 30 66  0  0
 1 15 5715956 1000100  47900 24281240    0    0 3404852    56 39678 23579  3  2 31 64  0  0
 2  0 5715932 847596  47908 24281536   28    0 2707184   224 33155 35077  6  2 42 49  0  0
 5  0 5715932 727584  47908 24281776    0    0 1927632     8 28411 76580 13  2 52 33  0  0
 0  8 5715932 694384  47908 24282488    0    0 1929036     0 28964 76151 10  2 57 31  0  0
 0  6 5715928 703384  47908 24283340    0    0 1483200     0 22329 64517  8  1 69 22  0  0
 2 10 5715928 691936  47908 24286016    0    0 1511728     4 24692 81866 10  1 70 19  0  0
 1  0 5715908 702580  47916 24287156   20    0 1465224   104 24404 89367 10  1 71 18  0  0
 0  0 5715872 728340  47916 24289428   12    0 1306016    12 20864 78024 10  2 71 18  0  0
 0  3 5715872 729568  47916 24292008    0    0 835636     8 17891 86920 11  1 80  8  0  0
 1  0 5715868 725928  47916 24293952    4    0 1081196     0 21367 83839 10  2 75 13  0  0
 1 21 5715864 714088  47916 24296116    4    0 967324     4 16971 68144  8  1 79 12  0  0
 5  6 5715864 731552  47924 24296560    0    0 1725208   204 25995 75845 11  2 59 28  0  0
 1  3 5715864 728472  47924 24296776    0    0 1478916     8 24184 85732 11  1 66 21  0  0
 1  0 5715864 709796  47932 24296800    0    0 1242816   140 21593 90203 12  1 70 16  0  0
 1 10 5715864 703464  47932 24296960    0    0 1669640     0 25004 77973 12  2 57 30  0  0
 6  0 5715864 701076  47932 24297164    0    0 546104    24 13857 59308 17  2 75  6  0  0
 8 13 5715864 708600  47932 24297432    0    0 703880     0 13799 44798 16  1 73 10  0  0
 1  0 5715864 1158860  47932 24295620    0    0 1658748     8 25514 79386 11  2 62 26  0  0
 1  1 5715860 10332816  47940 3456920    8    0     8   132 5340 5535  0  5 94  0  0  0
