procs -----------memory---------- ---swap-- -----io---- -system-- -------cpu-------
 r  b   swpd   free   buff  cache   si   so    bi    bo   in   cs us sy id wa st gu
 2  0 5701436 26201676  77812 2100236  560  775 209847  1650 17865    8  4  1 92  4  0  0
 0  0 5701384 26189584  77828 2100288   36    0    80   176 4598 6988  1  1 99  0  0  0
 0  0 5700760 26202028  77836 2100320  696    0   696   180 3394 4368  1  1 98  0  0  0
 0  0 5699120 26167244  77860 2100456 1420    0  1540   612 4138 5200  1  1 97  0  0  0
 1  0 5699120 26148532  77868 2100456    0    0     0   108 1555 2116  0  0 99  0  0  0
 0  0 5699120 26162672  77868 2100460    0    0     0     0 2147 2731  0  0 99  0  0  0
 0  0 5699120 26178744  77868 2100464    0    0     0     0 3078 4098  0  1 99  0  0  0
 0  0 5699116 26170040  77868 2100496    4    0     4     0 1823 2341  1  1 99  0  0  0
 0  0 5699116 26182068  77868 2100496    0    0     0    24 2098 2901  1  0 99  0  0  0
 0  0 5699116 26175956  77876 2100500    0    0     0   216 3521 3905  1  1 99  0  0  0
 0  0 5699112 26174028  77876 2100500    0    0     0     0 1803 1992  1  1 99  0  0  0
 0  0 5699068 26169936  77876 2100496   20    0    20     0 4261 6724  1  1 99  0  0  0
 1  0 5699064 26187328  77876 2100760    4    0   132    28 3745 5285  1  1 99  0  0  0
 0  0 5699064 26171960  77876 2100760    0    0     0   192 1684 2151  0  1 99  0  0  0
 0  0 5699056 26160824  77884 2100920   36    0   192   172 2227 2810  0  1 99  0  0  0
 1  0 5698928 26154440  77884 2100920   80    0    80     0 2127 2788  0  0 99  0  0  0
 0  1 5698924 25385788  77900 2602080    4    0 493484   104 6598 8680  1  2 94  3  0  0
 1  0 5698836 24569848  77916 3393692   88    0 791412  1220 10579 15533  1  1 94  4  0  0
 1  0 5698836 23763880  77916 4203580    0    0 809760    28 9267 13609  1  1 95  4  0  0
 1  1 5698836 22921808  77916 5020888    0    0 817056     0 8879 13198  1  1 95  4  0  0
 0  1 5698832 21764608  77916 5739832    8    0 719320     0 8445 11679  1  2 94  3  0  0
 2  0 5698828 19884680  77916 6891644    4    0 1151772     0 16347 20066  1  4 93  1  0  0
 1  0 5698816 17108932  77928 8920388   20    0 563132   180 10107 11866  1  5 93  1  0  0
 1  0 5698816 11260232  77928 14788872    0    0    88    20 2804 2624  0  5 94  0  0  0
 1  0 5698816 5374048  77928 20678120    0    0    60    12 3247 3043  0  5 94  0  0  0
 2  0 5698816 997784  77928 25459040    0    0     0     4 52400 2062  0  6 94  0  0  0
 1  0 5698816 609008  77928 25372116    0    0     0     0 2814 3023  1  4 94  0  0  0
 0 16 5698816 1727040  77928 23478212    0    0 2201740     8 29360 23896  2  3 51 44  0  0
 0 16 5698812 1716412  77936 23478212   32    0 1941908   556 24292 20076  2  1 30 67  0  0
 0 16 5698812 1714640  77936 23478248    0    0 1948108     0 24712 19025  2  1 28 69  0  0
 0 16 5698808 1708912  77936 23478248    0    0 2315592    12 28055 19377  2  1 28 68  0  0
 1 15 5698808 1684668  77936 23478244    0    0 3664040     0 42885 26482  3  2 32 63  0  0
 0  0 5698800 1569612  77936 23478628    8    0 2932216    32 36272 35083  6  2 42 50  0  0
 9  7 5698800 1464516  77952 23478872    0    0 1933920   268 28049 75173 13  2 53 33  0  0
 2 20 5698792 1450120  77952 23479320    0    0 1955392    36 27622 73211 10  2 55 33  0  0
 1  2 5698784 1443052  77952 23480824    8    0 1437960   332 22866 67010  8  2 69 21  0  0
 5  9 5698784 1421940  77952 23482720    0    0 1561348     0 24720 79419  9  2 67 22  0  0
 5  3 5698784 1408344  77952 23484636    0    0 1416672     0 23878 85274 10  2 71 18  0  0
 1  3 5698784 1418984  77960 23486408    0    0 1315088   176 21849 79307  9  2 71 18  0  0
 1  0 5698784 1423732  77964 23488716    0    0 901496    56 18675 87217 10  1 80  9  0  0
 1  3 5698784 1415264  77964 23490756    0    0 1089988     0 19330 81017 10  1 75 13  0  0
 1  2 5698784 1410892  77964 23493124    0    0 895920     4 18603 72195  8  2 80 10  0  0
 6  5 5698784 1404140  77964 23493564    0    0 1773700    32 27111 79195 11  1 59 28  0  0
 6  0 5698784 1415524  77972 23493580    0    0 1485528   172 23339 83804 11  2 65 22  0  0
 1  0 5698784 1438324  77976 23493600    0    0 1277184    20 21950 91179 13  2 70 16  0  0
 6 25 5698784 1433736  77976 23493760    0    0 1644008     0 24863 78119 12  1 58 29  0  0
 2  0 5698772 1419028  77976 23494124    4    0 463688     4 12273 37372 20  2 72  6  0  0
 1  0 5698772 1405416  77976 23494332    0    0 713568     0 16295 67684 14  1 76  9  0  0
 1  6 5698772 1400808  77984 23494340    0    0 1758956   136 26183 80239 11  2 60 27  0  0
 1  0 5698772 9432624  77984 2649288    0    0 32764    44 4086 5255  1  5 94  0  0  0
